10015059
10024927
10040239
10063841
10070487
10071483
10074017
10104259
10129925
10135294
10139818
10148204
10159656
10174370
10240988
10269358
10269948
10278502
10291167
10292102
10308266
10318477
10323366
10345246
10346860
10365699
10367007
10378801
10379279
10387915
10389522
10396486
10397145
10400686
10405427
10419986
10437789
10444823
10447498
10451641
10456893
10468208
10468263
10477570
10498870
10506476
10506743
10517966
10523451
10528081
10551193
10567332
10570456
10573708
10577982
10579242
10586408
10596264
10596646
10615481
10617747
10622353
10624280
10626665
10637991
10650448
10688843
10701991
10703272
10704724
10705872
10713265
10724119
10724697
10767841
10793742
10813102
10820065
10822224
10854661
10884052
10894141
10935136
10969750
10973237
10993851
11000335
11025507
11065252
11077241
11085893
11086699
11092070
11154635
11162309
11167566
11172762
11184687
11191186
11212961
11260895
11278971
11279387
11279435
11279580
11307342
11310543
11311115
11326073
11334903
11351775
11365689
11382257
11393268
11397914
11406818
11406819
11426637
11428091
11428316
11433120
11460014
11461735
11468647
11468793
11475678
11483977
11512588
11518154
11522801
11524321
11548320
11551146
11552804
11554194
11577814
11601014
11606979
11624753
11628525
11639190
11641004
11642204
11647806
11650515
11650518
11650519
11650863
11651164
11661060
11665353
11673312
11684707
11687840
11690136
11695138
11697414
11717872
11734005
11800639
11837191
11866508
11876853
11877644
11880768
11882057
11885139
11889046
11893392
11899101
11905529
11910070
11920847
11922941
11925133
11945744
11945746
11951623
11957895
12005355
12016126
12023285
12040196
12045987
12144129
12144501
12198251
12200573
12200756
12224434
12240174
12291173
12328661
12401351
12401700
12402389
12481088
12489715
12502291
12577948
12588556
12596325
12630456
12630508
12630607
12630757
12631023
12631220
12631533
12631560
12631646
12631648
12631862
12632013
12662077
12662269
12662583
12663328
12663626
12663923
12664209
12679170
12693036
12695919
12696103
12697231
12711749
12728155
12748407
12787474
12787825
12796864
12797334
12799266
12815059
12817688
12824175
12831428
12836206
12836943
12836949
12886544
12888608
12888701
12889910
12890081
12891181
12956636
12957562
12969718
12973555
12986965
13003161
13024098
13027176
13033541
13037538
13037801
13050895
13051285
13077817
13122705
13139212
13192524
13193761
13199935
13210307
13211271
13240090
13242717
13243366
13247667
13258965
13260495
13265109
13331686
13356210
13363224
13363864
13363987
13364089
13364139
13364199
13364928
13364937
13364984
13406972
13410902
13410937
13426624
13426675
13426924
13426973
13426980
13430259
13468271
13473902
13475152
13475440
13475474
13524601
13532485
13572179
13585945
13595954
13596454
13602590
13621266
13626037
13629134
13635680
13641876
13644491
13650052
13655822
13677108
13689481
13731806
13734236
13752069
13760720
13827909
13828796
13830755
13831228
13831455
13846078
13846130
13850727
13857028
13864903
13865242
13866765
13869686
13869687
13876262
13902806
13904456
13904476
13917333
13918405
13921841
13921956
13945921
13950250
13959646
14008210
14008923
14028922
14049655
14080716
14102677
14234787
14258532
14275764
14285117
14325138
14325583
14325692
14326054
14326216
14326403
14326413
14326955
14327216
14327222
14327223
14327451
14327565
14370963
14372595
14374439
14392987
14394707
14421631
14421979
14423469
14425683
14457039
14475519
14490013
14502778
14508012
14508929
14509117
14509174
14509469
14509547
14509552
14509615
14509659
14509764
14511457
14520508
14522633
14524095
14531845
14535263
14544531
14545802
14545873
14546160
14546174
14546177
14551659
14561555
14587163
14595433
14596011
14596012
14599887
14618868
14624660
14624721
14635893
14651301
14652162
14673257
14707924
14710213
14720401
14753778
14755687
14764086
14779580
14801072
14816633
14817285
14817783
14818202
14818351
14818375
14818549
14819442
14819453
14821754
14831876
14834450
14844001
14844028
14853245
14867254
14867556
14901189
14980856
15013067
15031125
15052411
15066638
15093355
15102604
15127680
15151655
15155701
15160312
15165062
15180763
15192219
15199016
15204933
15210207
15238685
15240273
15252061
15291063
15297424
15305140
15313076
15316631
15346560
15371740
15439152
15460393
15469712
15493795
15493808
15493834
15495905
15517071
15519669
15560244
15583492
15590176
15590937
15591283
15593645
15594058
15598272
15636528
15677532
15727637
15733617
15782132
15783308
15797851
15836670
15854336
15903843
15918381
15947446
15971245
15990135
16047953
16055173
16061452
16080662
16095942
16108320
16129607
16132177
16144914
16147751
16174672
16178864
16223973
16233582
16277801
16283834
16307804
16357894
16369136
16369178
16373062
16373518
16373572
16374068
16374164
16378719
16393349
16393972
16394054
16410001
16438804
16440392
16476058
16481213
16482489
16491491
16506120
16513751
16513754
16538696
16539157
16545518
16548886
16555865
16572497
16587436
16631671
16641819
16644736
16655599
16686839
16689665
16700309
16733041
16733138
16733355
16733359
16761672
16788353
16803193
16804074
16809667
16809810
16812110
16820360
16839449
16854390
16889340
16904658
16906309
16937819
16939492
16961768
16983782
16999950
17026858
17027372
17028189
17035074
17048869
17063257
17068300
17072303
17093168
17146144
17164443
17177151
17177152
17177163
17224301
17232977
17233354
17244804
17249502
17265399
17277444
17278345
17280978
17295844
17295971
17296417
17296548
17304725
17338826
17344631
17354622
17376564
17386599
17397720
17405203
17415359
17420083
17429453
17470127
17492725
17498101
17505508
17505645
17534933
17556160
17560318
17577526
17585728
17615083
17629643
17657239
17667781
17687046
17697464
17702859
17706510
17723768
17782460
17787575
17875540
17879803
17906308
17908841
17908843
17964975
17989590
18042972
18043390
18045077
18099356
18101619
18101835
18102210
18107744
18108806
18110110
18110144
18110395
18110814
18110885
18115639
18118621
18142829
18149789
18182239
18185181
18224136
18281396
18293891
18313206
18314627
18314649
18314701
18315029
18315187
18319436
18328057
18328090
18345881
18352405
18375341
18376023
18391470
18417069
18426069
18433734
18438226
18439306
18440018
18454009
18459259
18521403
18574678
18582864
18586261
18610268
18610281
18642444
18651783
18663467
18666784
18692716
18711407
18738085
18763628
18773944
18779652
18790342
18792051
18805560
18811828
18818546
18839884
18840704
18896752
18910380
18922076
18930460
18950181
18980804
18997231
19009126
19127913
19183054
19183415
19189508
19195176
19224534
19230619
19260211
19289036
19294287
19308944
19311891
19326045
19385804
19394042
19424326
19442248
19474683
19475178
19476578
19500853
19505590
19512569
19513103
19514461
19522459
19525966
19551487
19564038
19594429
19602079
19648778
19652924
19698046
19735713
19746195
19757438
19788066
19789136
19789896
19790426
19790735
19790738
19790745
19790756
19790933
19791779
19820525
19833328
19835109
19867844
19873583
19878432
19887124
19902133
19915582
19916528
19925073
19932579
19945360
19999648
20008465
20008857
20021886
20054267
20056721
20063881
20076279
20084976
20089944
20090913
20092873
20129660
20132722
20150328
20185901
20189221
20264015
20277131
20277295
20280053
20283982
20284120
20308494
20339492
20342417
20342418
20342419
20342420
20342852
20349370
20357684
20366855
20378102
20394444
20443652
20452597
20573064
20604089
20632947
20679223
20699094
20721123
20724787
20735736
20741092
20759790
20766395
20766401
20766408
20780028
20792250
20797057
20823370
20823466
20834595
20848352
20855800
20890707
20892576
20901247
20910020
20912395
20916614
20922602
20935785
20936166
21013317
21047964
21058024
21101258
21138500
21140180
21150653
21171317
21206238
21208105
21249220
21250122
21264743
21302731
21319542
21329688
21337907
21342208
21405469
21424339
21451686
21476438
21476695
21477768
21478157
21488823
21491150
21502241
21528628
21550600
21555583
21570535
21590442
21599300
21637053
21672906
21688599
21689288
21721118
21749541
21776783
21821358
21829687
21836872
21910517
21943085
21959411
21980517
21980522
21997781
22011425
22072146
22073705
22074526
22074556
22082046
22083792
22104918
22112127
22138783
22149060
22159570
22180009
22185453
22208743
22209537
22227937
22338604
22340732
22347616
22369822
22371123
22374718
22375393
22375571
22409813
22435700
22465090
22489376
22519658
22532644
22536152
22592833
22595001
22595945
22596343
22601108
22619953
22620510
22622582
22622848
22623093
22661328
22662323
22678811
22700367
22715901
22727704
22745046
22777471
22790353
22828743
22829135
22837538
22837551
22845747
22869765
22871375
22876305
22911536
22940799
23021052
23033305
23033525
23047101
23059736
23080301
23084645
23088743
23113017
23129574
23135576
23161311
23165780
23237629
23254018
23277421
23288752
23382658
23389861
23393271
23409125
23436860
23436955
23446137
23466105
23471300
23503552
23512948
23522446
23525250
23575979
23617625
23626742
23628047
23665804
23690095
23699428
23707073
23721334
23742768
23745816
23765730
23785069
23792565
23793309
23807198
23854052
23857078
23917939
23936678
23957679
23991342
24002946
24007435
24014799
24019568
24051869
24087414
24089532
24140634
24142755
24142964
24207110
24207272
24207379
24207386
24207388
24207389
24207393
24207397
24207400
24207401
24207403
24207406
24207407
24207408
24207411
24207413
24207418
24207424
24207436
24207456
24207462
24207466
24207476
24207604
24207612
24214323
24221870
24236520
24236640
24238818
24240837
24287692
24295232
24297138
24300157
24302921
24305472
24309131
24332964
24333703
24391041
24427464
24430253
24436792
24456685
24458499
24472610
24473908
24474756
24492557
24493203
24506035
24512717
24516453
24557189
24557275
24557936
24563159
24575315
24575715
24577820
24582811
24626290
24629089
24630490
24679045
24717486
24722384
24754341
24758719
24758801
24866260
24882713
24914594
24923168
24927146
24933678
24968973
24971086
24980708
24986202
25018725
25019157
25039304
25040731
25066183
25066184
25097413
25106608
25123119
25129960
25148710
25189188
25203743
25210684
25219298
25221833
25225435
25227967
25240271
25262543
25273763
25295703
25309539
25323476
25340316
25342810
25363934
25425210
25439526
25446813
25484821
25486385
25486634
25495456
25509576
25510682
25557412
25581320
25602584
25627751
25656335
25670719
25672834
25704390
25716895
25726077
25726400
25734614
25735585
25735737
25735757
25735849
25738430
25741066
25741104
25741231
25741239
25741494
25743620
25745613
25745615
25745616
25745619
25745623
25745624
25745631
25745633
25745634
25745636
25745637
25745638
25745639
25745640
25745641
25745643
25745646
25745658
25745690
25746010
25746595
25746737
25756165
25769053
25769620
25803566
25803635
25803640
25844343
25851140
25851428
25853516
25873674
25878111
25878212
25878952
25879278
25879515
25879536
25879546
25879590
25879596
25879604
25917441
25919324
25924613
25924635
25924645
25924656
25924695
25924889
25924978
25925300
25925695
25925885
25925889
25957423
25959205
25959370
25960072
25961175
25964692
25964928
25965163
25965337
25965484
25965818
25966030
25968191
25971366
25975211
25998148
26000697
26009813
26020213
26038969
26039893
26044248
26045061
26057383
26120288
26131364
26151371
26156759
26246710
26248364
26254192
26256597
26280141
26285407
26287507
26298009
26299492
26299772
26310977
26311071
26311246
26311381
26311426
26311544
26311604
26311617
26311730
26311746
26311808
26311916
26312319
26312470
26312509
26312618
26312860
26312893
26312949
26313413
26313443
26313488
26313699
26313956
26314160
26316204
26316211
26316344
26316375
26316503
26316646
26316674
26316687
26316730
26316743
26316746
26316776
26316801
26316832
26316843
26316914
26316979
26317055
26317224
26317524
26317546
26317574
26317917
26318613
26318875
26318907
26337400
26340854
26343179
26345247
26350272
26361098
26371000
26402651
26423082
26436084
26453212
26453411
26453456
26453640
26453777
26453871
26454339
26454649
26454710
26454859
26455141
26455207
26455221
26455379
26455502
26455744
26455988
26455995
26457782
26458058
26459141
26470364
26471184
26471300
26471837
26477728
26480191
26578600
26675600
26685282
26692750
26714456
26776991
26778554
26781223
26806504
26832695
26835185
26835389
26849323
26851718
26852454
26853555
26869034
26900959
26954701
26962164
26971357
26983394
27079736
27090950
27101825
27112052
27116397
27119478
27143188
27175901
27176442
27176877
27178940
27213573
27225188
27301610
27436848
27445618
27446782
27520326
27559188
27634394
27637526
27704054
27718748
27725832
27777760
27803744
27812078
27827434
27833710
27978630
28029564
28122354
28151638
28162810
28181648
28181824
28320894
28320944
28327996
28382332
28472066
28527028
28550736
28570612
28583660
28584906
28706840
28711832
28714626
28762284
28831442
28892652
28892758
28952624
28967738
28970674
28978138
28997002
29020414
29032224
29062748
29181178
29202744
29283424
29438718
29497938
29554354
29559210
29574568
29587678
29611498
29612222
29693888
29741424
29782002
29785762
29805666
29812734
29815980
29862942
29863720
29922032
29938870
29987468
30008482
30124962
30180934
30195596
30223954
30232832
30306530
30311052
30331710
30355014
30364226
30390520
30417994
30450304
30493820
30494570
30494694
35013386
35093448
35139850
35228164
35228482
35240464
35241762
35307168
35379036
35382196
35445078
35496606
35529788
35537476
35537530
35541842
35567868
35643282
35796398
35863844
35888440
35954958
36067212
36075290
36082214
36093480
36107460
36130786
36147438
36224816
36233146
36264804
36349298
36364088
36407552
36499028
36562064
36617368
36632158
36638242
36726094
36754166
36772406
36830592
36834104
36846638
36847790
36921526
37039856
37040446
37041394
37041710
37041726
37191212
37214928
37215954
37219512
37220030
37220166
37221218
37223826
37224582
37226044
37229196
37232082
37237068
37238116
37238148
37243878
37254062
37255660
37257000
37258018
37260492
37261082
37261830
37270858
37271990
37272692
37274200
37274204
37275706
37276504
37280694
37299702
37380920
37430032
37431854
37438854
37455384
37490144
37490400
37491350
37493390
37493594
37535560
37645664
37647578
37652570
37667734
37670676
37682430
37685184
37685674
37690710
37716742
37718838
37720476
37722124
37724802
37725900
37730592
37739974
37851962
37861842
37866648
37894714
37919932
37924292
37929216
37940842
37950716
37954264
38012144
38030038
38073988
38074736
38089902
38103744
38120632
38126868
38132444
38136492
38144640
38184112
38316850
38318512
38325846
38353500
38359800
38364156
38445890
38446678
38459982
38506310
38515096
38531054
38535870
38535908
38564924
38582242
38602020
38633076
38641114
38731402
38770788
38779024
38782760
38820590
38888920
38893054
39017076
39041698
39042250
39043184
39044732
39045684
39046044
39047846
39048682
39049928
39050062
39050070
39050146
39050158
39053512
39103720
39211224
39211522
39292110
39292600
39296144
39298674
39387100
39431992
39440778
39458386
39463294
39474676
39527076
39555546
39569298
39631024
39673116
39684178
39786476
39786884
39792824
39804750
39815060
39858034
39957634
39974966
40005032
40036158
40040244
40065526
40066556
40089328
40107032
40113746
40132808
40219722
40234782
40244294
40327286
40335954
40365556
40366294
40372068
40405956
40431930
40445246
40454394
40481220
40490860
40513096
40514868
40514872
40522378
40528458
40674114
40694696
40696024
40744424
40744816
40760766
40786324
40793764
40853222
40893384
40911692
40920178
40987638
41033294
41047004
41053686
41139258
41189806
41210774
41249130
41270702
41274984
41314350
41319546
41356994
41374172
41393130
41418278
41448348
41463496
41493732
41567050
41644544
41715918
41721332
41735474
41742286
41829366
41857536
41920728
41921816
41934344
41935000
41935702
41935720
41936170
41948196
41948400
41950532
41951552
41955388
41988992
41990662
42106188
42129598
42132226
42164650
42254714
42257076
42258264
42258386
42418486
42424926
42447652
42454618
42488810
42520164
42603650
42650206
42667970
42673298
42673302
42678580
42837974
42842268
42842852
42926124
43021288
43023978
43024876
43065336
43143288
43145990
43181590
43192538
43212430
43232690
43237736
43265060
43269478
43330690
43331168
43343556
43365024
43414476
43432858
43439270
43623776
43841498
43872676
43948540
43954770
43955680
43964774
43967642
43973106
43983726
44084442
44121764
44133354
44142380
44183934
44229542
44397196
44423242
44425902
44531146
44536618
44541518
44584534
44598304
44598342
44598370
44599352
44600382
44601132
44602412
44715284
44732466
44807598
44874934
44964772
45055980
45133260
45201062
45211972
45224668
45237414
45243024
45244816
45288930
45296550
45308502
45383766
45465950
45557592
45643320
45667592
45685446
45695464
45699188
45701736
45703902
45707112
45737602
45782352
45789370
45791824
45796496
45798100
45887526
45911164
46028918
46057770
46057914
46062302
46080122
46142954
46156726
46253564
46314550
46376828
46422070
46469316
46485438
46488920
46505190
46604116
46673784
46676848
46711650
46871522
46897698
46959322
46984770
46994560
47020756
47027998
47035388
47085286
47187498
47227606
47237492
47244962
47293416
47453162
47471712
47477386
47534808
47550068
47559334
47620426
47667968
47801272
47808520
47815156
47887378
47938094
47964196
47976504
48001648
48052980
48181646
48226282
48293490
48298684
48315166
48326826
48326842
48369518
48371080
48417974
48434050
48472280
48514696
48515838
48554896
48570358
48667034
48667106
48717610
48729746
48730156
48814314
48833188
48833224
48836318
48863918
48869898
48872818
48956334
48991940
49031966
49046446
49056358
49070712
49152814
49174160
49179038
49196292
49205048
49205166
49205358
49205370
49205378
49205390
49205526
49205534
49205580
49205626
49205632
49205648
49205692
49205740
49206202
49206274
49206800
49207416
49208368
49208508
49230478
49352046
49361296
49716794
49740412
49742012
49742068
49925424
49925548
49927548
49951540
50141150
50150264
50178638
50184008
50394750
50411820
50613976
50673394
50854860
50855382
50856926
50858184
50876454
51001926
51079638
51258658
51364692
51377802
51454040
51465686
51525374
51703858
51711940
51777810
51915710
51940400
51957084
51963038
52095834
52096464
52271638
52414246
52420372
52572284
52655906
52730334
52749094
52751412
52751474
52757510
52909246
52932900
52961836
52980892
53150024
53198886
53250746
53311224
53344288
53386456
53419584
53670224
53718590
53750352
53814228
53869984
53870470
53870614
53870628
53870834
53871294
53873316
53875070
53875822
53882002
53930608
53932720
53932980
53934816
53936294
53936436
53936660
53940984
53941596
54008044
54145796
54158320
54529234
54529466
54616906
54687496
54690552
54839920
54852762
54933510
55018606
55126718
55300702
55307824
55429564
55432118
55435132
55435474
55584478
55596130
55600076
55645024
55650484
55670394
55771802
55922838
55990198
56187990
56225662
56287566
56289216
56378522
56387190
56388860
56416234
56520650
56524494
56564974
56606982
56610586
56617876
56652824
56747954
56782522
56902818
56937088
56937382
56998770
57105738
57128526
57225072
57335054
57442582
57455176
57660772
57674126
57682078
57710110
57711772
57733564
57744786
57809098
57814436
57919222
57972916
57975874
58005790
58092090
58306784
58327450
58350960
58353744
58387570
58416950
58551578
58562810
58592114
58609576
58619332
58625406
58647632
58749804
58848930
58849176
58898886
58963048
58992580
58994240
59038392
59142472
59216234
59220308
59222882
59223028
59223404
59226296
59366198
59437842
59475110
59640880
59677084
59687524
59926826
60030578
60141328
60182932
60309546
60577458
60629654
60793750
60850766
60868964
60983338
60993476
61060734
61093502
61124468
61202682
61369922
61369936
61396980
61410884
61412624
61427008
61461842
61641466
61673454
61676300
61814376
61831576
61843876
62010814
62070208
62123152
62208870
62221610
62222092
62226780
62230214
62249120
62325632
62327404
62328058
62328210
62331220
62331460
62431264
62432680
62474798
62476274
62478074
62478666
62479920
62482934
62483314
62485456
62523396
62545542
62663664
62676274
62745672
62747266
62853120
62853162
62854414
62855302
62861610
62862676
62863212
62866864
62866920
62867248
62867386
62867708
62868204
62869642
62869952
62869976
62873590
62874310
62886816
62889408
62893064
62939950
62945340
62955496
62956582
62979744
63070510
63104426
63134090
63136916
63162666
63319240
63319244
63319252
63319270
63321586
63322426
63341740
63426580
63480736
63480782
63481482
63481524
63481732
63482374
63483816
63484382
63487642
63488302
63533980
63539676
63643562
63691040
63717504
63743250
63773480
63776926
63803010
63812282
63876480
63921998
63925144
64045476
64071410
64096492
64121892
64235158
64370486
64487766
64820326
64825974
64873238
65356794
65374582
65487000
65489078
65496186
65499834
65621416
65667368
65745680
65888070
65968984
65981788
66120826
66141720
66189290
66222350
66343072
66384310
66513676
66586636
66617008
66618390
66864266
66904996
66931378
66933502
66979802
67020130
67057130
67239396
67643242
67652086
67776864
67793380
67931786
67940682
68002900
68101492
68116816
68145846
68256332
68259098
68259746
68260058
68260528
68261440
68261824
68262040
68262138
68262646
68262756
68262826
68265154
68319984
68346204
68357058
68447128
68508930
68613764
68614684
68616250
68627254
68656702
68693640
68732002
68749160
69047454
69117488
69120560
69133934
69138312
69161624
69163730
69231660
69305954
69346936
69357128
69368530
69421692
69486328
69521484
69582708
69585378
69613284
69617738
69803374
69804938
69821634
69831462
69831508
69855892
69894688
69974756
69975544
69992952
70139582
70160438
70185626
70190696
70307152
70318278
70501960
70515306
70540780
70613914
70861840
70882296
70990984
71008598
71009930
71038868
71055642
71061340
71182602
71252778
71274906
71342506
71384064
71406260
71599998
71650304
71673962
71694404
71806222
71819488
71988532
72044800
72081586
72267068
72679618
72683836
72750066
72909026
72910818
73004616
73027458
73118570
73156744
73158928
73210900
73357380
73424294
73516556
73595264
73608970
73623882
73635586
73658704
73738728
73788966
73804426
73822430
74118358
74121682
74253152
74308166
74323072
74403274
74475654
74519928
74530790
74629908
74634632
74652842
74732580
74733298
74736144
74736232
74736836
74736840
74737612
74745576
74756478
74773324
74781226
74781392
74781948
74782028
74787476
74838828
74839248
74848178
74940934
74962402
75001350
75007330
75007542
75008032
75008256
75008310
75008938
75009344
75009582
75009862
75010078
75010330
75010726
75010906
75011066
75011420
75011576
75012134
75012200
75012262
75026780
75142062
75158560
75158778
75158920
75159106
75159434
75159598
75159682
75159736
75160232
75160552
75160716
75160746
75160948
75161232
75161334
75161728
75161844
75162398
75162592
75162798
75162860
75162916
75163158
75163590
75163662
75163710
75165468
75197594
75197752
75198898
75198946
75199010
75199284
75199430
75201442
75202398
75202492
75202906
75203818
75203988
75204300
75204372
75204814
75205094
75206158
75206932
75207134
75209604
75209608
75209618
75209682
75212922
75249356
75250736
75306452
75306864
75307788
75312328
75359824
75423606
75439344
75443808
75533390
75573220
75590388
75637800
75664758
75678392
75712668
75743326
75767154
75768956
75779598
75779748
75783746
75786910
75791904
75792096
75796188
75797920
75921438
75933140
76132288
76171212
76219036
76371448
76409800
76505966
76506058
76506244
76522228
76611244
76670808
76704422
76715986
76785882
76815050
76991836
77159052
77265560
77289232
77384240
77449412
77616950
77704648
78005076
78023176
78042558
78159570
78284176
78313812
78481192
78568306
78570442
78674962
78745624
78746704
78774752
78779170
79120238
79597768
79670900
79725582
79728894
79944290
79966802
79990972
80047928
80133916
80137520
80144674
80272572
80306202
80333238
80418956
80528012
80532162
80602976
80726742
80770710
80997372
81174480
81258876
81279874
81392876
81464048
81546266
81586382
81711904
81749864
81835738
81846296
81932930
81939504
82147144
82188026
82313816
82413796
82615176
82712728
82896376
82933104
83011050
83053042
83081446
83083806
83089252
83127308
83146872
83287892
83331692
83661618
83968748
84329650
84503246
84526120
84621470
84631504
85057594
85158264
85179880
85469188
85988028
86219276
86222939
86252844
86255803
86266051
86266416
86279284
86280693
86388933
86391514
86401502
86401755
86591791
86757995
86849769
86852510
86852871
86853210
86893541
86916174
86925464
87078089
87112770
87112796
87118488
87208889
87263334
87312519
87453076
87496914
87745128
87747523
87808180
87842338
87861734
87868839
87870063
87891159
87897313
87970583
87975095
87975105
87975325
87975729
87976190
87976595
88086340
88132180
88257409
88360943
88611309
88767564
88957856
89105372
89107511
89130876
89267357
89268250
89354429
89423295
89445859
89474830
89541934
89544728
89544834
90010860
90012795
90014134
90019626
90327248
90340084
90402097
90421859
90450112
90493076
90548936
90706946
90765579
90850888
90944379
90947144
91099869
91241847
91284335
91370102
91400189
91526901
91596256
91679945
91686281
91777432
91826749
91881892
92018707
92104905
92159723
92243042
92256332
92284707
92446815
92461939
92462858
92522997
92554972
92630626
92648881
92671996
92757857
92891031
92918269
92922896
92928734
92972862
92973223
92973720
92974846
92974949
92975238
92975518
92989411
92989588
92990073
92990170
92990190
92990511
92990557
92990803
92990923
92991240
92991326
92991366
92991603
92992199
93039241
93070472
93070648
93070774
93071257
93071513
93071579
93071685
93072226
93072897
93090841
93091049
93091433
93091453
93093216
93094334
93246669
93286601
93305075
93328290
93490268
93574095
93614288
93615324
93906648
93959642
94051285
94130189
94324551
94360783
94396097
94407436
94680483
94711976
94737795
94770948
94850082
94980177
94982733
94982896
94983637
94986722
94989559
94989735
95005717
95008147
95016397
95019439
95020261
95020980
95021203
95155618
95157652
95201984
95212127
95218571
95378100
95378118
95382567
95382663
95397499
95404165
95405249
95431188
95433692
95434831
95436977
95437002
95437790
95438055
95438675
95439112
95439273
95439365
95440665
95442401
95476911
95581774
95582028
95582049
95582424
95582472
95584282
95584301
95585051
95585300
95586379
95586489
95597038
95659240
95661502
95663032
95664920
95666221
95666632
95668665
95702306
95704896
95730447
95730973
95733878
95735283
95750166
95752925
95772656
95854050
95876220
95879826
95880553
95888865
95892415
96000351
96017753
96037296
96078476
96173205
96258074
96258270
96258651
96259122
96260869
96262209
96262402
96282445
96288527
96314760
96331381
96401506
96461821
96462142
96463109
96466366
96573350
96605105
96606006
96690221
96693756
96695563
96706238
96752401
96873460
96876010
96883860
96936159
96938407
96947302
96970311
96978803
97005447
97055980
97185927
97222018
97266471
97287777
97330151
97423075
97423697
97575706
97679967
97793647
97816532
97849635
97850967
97884035
97903373
97953072
97971304
97991541
98008266
98015193
98105830
98127975
98142802
98244062
98268729
98282434
98330833
98385674
98421271
98488619
98542358
98743524
98781035
98810622
98881382
98932502
98967260
98971821
98979413
99022347
99298557
99375803
99411293
99488034
99561311
99625357
99711365
99916507
100271715
100438067
100544289
100546304
100580960
100586466
100588823
100703066
100733312
100733648
100734127
100734134
100734178
100734303
100734339
100734353
100734525
100734529
100734541
100734543
100734560
100734601
100734637
100734887
100734929
100741780
100741785
100741827
100741855
100742592
100742700
100742883
100744241
100744377
100744598
100745036
100746097
100748192
100748267
100748559
100927353
101017992
101137166
101161896
101224934
101256487
101440159
101554481
101591909
101645457
101646552
101646785
101647110
101649564
101649722
101649733
101650103
101686515
101691648
101801035
101819101
101941978
102088420
102117383
102122731
102264406
102266874
102267301
102267495
102267554
102267585
102267752
102267856
102267939
102268322
102279326
102281774
102301201
102307091
102335131
102339529
102371122
102565904
102566334
102593934
102613016
102639788
102737756
102866113
102871909
102960767
102970833
102974758
103026257
103068610
103293340
103325689
103362838
103386040
103390481
103390877
103394761
103399034
103471615
103498783
103499131
103499154
103499545
103499623
103499848
103499950
103500021
103500172
103500193
103500433
103501343
103501388
103501628
103501959
103502012
103502215
103502238
103509828
103510568
103511036
103511457
103511624
103511721
103511765
103512088
103512098
103512346
103512502
103512540
103512845
103513081
103513597
103513841
103514093
103514386
103514448
103514511
103519815
103522758
103523156
103523935
103527282
103534399
103629222
103633409
103633557
103638715
103641606
103642921
103651869
103700037
103705649
103788856
103809365
103818984
103819024
103835658
103868724
103878314
104191764
104218214
104313163
104350714
104350722
104350876
104351032
104384409
104453133
104494524
104495420
104498426
104498838
104500628
104500732
104502166
104502269
104527610
104627921
104649519
104656244
104659239
104678698
104679245
104832919
104949393
104958600
104973549
105014144
105082891
105083383
105083443
105083633
105083640
105083826
105084020
105084636
105084799
105084804
105085120
105085483
105086200
105086977
105087028
105087226
105087254
105088783
105107682
105108176
105108320
105108484
105108639
105108776
105109110
105109636
105109680
105110727
105115763
105117403
105117572
105117876
105117967
105118086
105118200
105118597
105118707
105119152
105119580
105171444
105242251
105266485
105274961
105297999
105299926
105416290
105417545
105417670
105436088
105437098
105528807
105574844
105575284
105576022
105576052
105576668
105577037
105577063
105577216
105577284
105577332
105577582
105577926
105578162
105578169
105578468
105578758
105578987
105579047
105579551
105579590
105579913
105580975
105581276
105581615
105585126
105585829
105591106
105655733
105744855
105858051
105875437
105876203
105876364
105876662
105876904
105877265
106008809
106133884
106201488
106212779
106213037
106213445
106242540
106242633
106244470
106245277
106248760
106292158
106311197
106324401
106388208
106435268
106445170
106451048
106466406
106526193
106553512
106689440
106723270
106739900
106932506
106941178
107000809
107002178
107048685
107096704
107131908
107449284
107500490
107528093
107597672
107660108
107688366
107716397
107725503
107736854
107772075
107872783
107937058
107955681
107974285
108014876
108017411
108025182
108029901
108082411
108087933
108168107
108221426
108389383
108432132
108542316
108542878
108543081
108543901
108595460
108643003
108662151
108672376
108708014
108843822
108845334
108848680
108851067
108851940
108852643
108852809
108934059
108991864
108992388
108994991
108995286
108996084
108997794
109021860
109022485
109022875
109023179
109023639
109025086
109026095
109031200
109089396
109089460
109090066
109101072
109102161
109183416
109183448
109184717
109208735
109209070
109211399
109212399
109214003
109289953
109290441
109309517
109309697
109310223
109415743
109467525
109578386
109682243
109697770
109707290
109707570
109760910
109778071
109786500
109796242
109805665
109981619
110066526
110080313
110107200
110108486
110254477
110304589
110448593
110461575
110699583
110718568
110753101
110780576
110841892
110939712
110960254
111095810
111099087
111149370
111215612
111426529
111438699
111444199
111477197
111597454
111670281
111746111
111751647
111778697
111791041
111853580
111894904
112107997
112203918
112206496
112256928
112279948
112378991
112379356
112379955
112607660
112645544
112773873
112783071
112865499
112964919
113018938
113246907
113447745
113460128
113463649
113513396
113570653
113949066
114056006
114232197
114235776
114336184
114338974
114339401
114363674
114382684
114396446
114405461
114486989
114511943
114613390
114801614
114802419
114818675
114822739
114843290
114937615
114953336
114956258
114958627
114996446
115050151
115134262
115160892
115197497
115198487
115198506
115198618
115215791
115215877
115216391
115222107
115340654
115358851
115388223
115389018
115634610
115641570
115684030
115871953
115908871
115974043
115984079
115993617
116016804
116052368
116052465
116056344
116059073
116084860
116089145
116146970
116211111
116385180
116391448
116463938
116612771
116630120
116692404
116710686
116780786
116807379
116850784
116876881
116890273
116904889
116996585
117019022
117177002
117216547
117244814
117348396
117392970
117418053
117422756
117425195
117486943
117488766
117528157
117740515
117821297
117878229
117966588
117999356
118035018
118083418
118141119
118211060
118381892
118438126
118471981
118496719
118556328
118590636
118646117
118701875
118707617
118749255
118848629
118889914
118929614
118955195
119003064
119054087
119133231
119133352
119133409
119133549
119133883
119139203
119140012
119141026
119141066
119141738
119142278
119142664
119142666
119143385
119162468
119189805
119209011
119225918
119230227
119244679
119245451
119257686
119264369
119264579
119319162
119335148
119345681
119345707
119346108
119346142
119346282
119346381
119346457
119349927
119404760
119418145
119418238
119418254
119420828
119436390
119436753
119438007
119453690
119454869
119458501
119479288
119489749
119541811
119560283
119562316
119564056
119658726
119664725
119692349
119694166
119706508
119731684
119789709
119859917
119905430
119937496
119956239
119986032
119995389
119996987
120028686
120040210
120041650
120092061
120106597
120146847
120158069
120210947
120252763
120269298
120269912
120269933
120270239
120345399
120357313
120457121
120459889
120472058
120526250
120737637
120739803
120835399
120836022
120946569
121039374
121054477
121058386
121058436
121059515
121102886
121163502
121242884
121297830
121309838
121367401
121367402
121367403
121367404
121367407
121367408
121367409
121367410
121367412
121367414
121367415
121367416
121367418
121367420
121367423
121367426
121367441
121367443
121367444
121367455
121368039
121368626
121369512
121379796
121379802
121379805
121379809
121379816
121379818
121379819
121379837
121379886
121379892
121379925
121391223
121391307
121393143
121393149
121393151
121393152
121393154
121393155
121393156
121393157
121393158
121393160
121393162
121393163
121393165
121393166
121393170
121393174
121393177
121393180
121487687
121493693
121493699
121493706
121497859
121510635
121511283
121514924
121520843
121541822
121564226
121634381
121660637
121666364
121666451
121748194
121765566
121839792
121866515
121929543
121929702
121999734
122022130
122031328
122060570
122106729
122176014
122204832
122287469
122297161
122313536
122319848
122436794
122534613
122828127
122838642
122861311
122864150
122879907
122955570
123026099
123070956
123187880
123218743
123218761
123218837
123219718
123221183
123221189
123221589
123231115
123231199
123234607
123309405
123381126
123397016
123398294
123406800
123412084
123427826
123433203
123437964
123448213
123483493
123483509
123537879
123575144
123575246
123577048
123577790
123581835
123584731
123597926
123613040
123640832
123761754
123823174
123884847
123893685
123897390
123940654
123948415
123971542
124055887
124061401
124061430
124062190
124064525
124066244
124066319
124066336
124066354
124066378
124066389
124066401
124066456
124066501
124066589
124066596
124076526
124082118
124082325
124226201
124254622
124254667
124255263
124465525
124499866
124581604
124585207
124591987
124595347
124595989
124616966
124628281
124630793
124691694
124696972
124701765
124733000
124829073
124892957
124929830
124930110
124931824
124935489
124935811
124935960
124935966
125008688
125114019
125114667
125114816
125114830
125115188
125115697
125130038
125130315
125140864
125145553
125273164
125273274
125275682
125311769
125332963
125470375
125511796
125513134
125513738
125516672
125517046
125518638
125519996
125624361
125772976
125863785
125898697
125910538
125912136
125965823
126038424
126050365
126059844
126060571
126116565
126169714
126246243
126306784
126430757
126436243
126494842
126498251
126498602
126500760
126501047
126506603
126531363
126532438
126533459
126536200
126538474
126554049
126646868
126666811
126669124
126762966
126762983
126811874
126873480
126917203
126962243
126970845
126981759
127003010
127040774
127084767
127204668
127216996
127217674
127374221
127397858
127398011
127398047
127398123
127398623
127398692
127399050
127400216
127400387
127401792
127402747
127403283
127403798
127403813
127403959
127420036
127450969
127503436
127525258
127532894
127534637
127539638
127549429
127597833
127634357
127634390
127635759
127637979
127639689
127725049
127796559
127950253
127968075
128036416
128093819
128101403
128304318
128338106
128344680
128453121
128469447
128514727
128584630
128614387
128633665
128769945
128902424
128945930
129217723
129262093
129280646
129303678
129390629
129548922
129592762
129604598
129733492
129750753
129766445
129881764
129941887
129961338
129997763
130009263
130052365
130052817
130173060
130189659
130283319
130301227
130315975
130319607
130320797
130335165
130336068
130360029
130465035
130512295
130523595
130528804
130662835
130666825
130709224
130786194
130846451
130933669
131000233
131157754
131314363
131397177
131398981
131418743
131420423
131422748
131534807
131607340
131614858
131620508
131694351
131728458
131745633
131753385
131885770
131907332
131909057
131915090
132060621
132161535
132354674
132416404
132459331
132616846
132839472
132854857
133068846
133069102
133070813
133071521
133072087
133073734
133098992
133131369
133140313
133144040
133160691
133182959
133290726
133291165
133514092
133534755
133598329
133598482
133869700
133988463
134020152
134411478
134411549
134411863
134418407
134433463
134441941
134444336
134446016
134449259
134493863
134653921
134678491
134692661
134699963
134740176
134750409
134964285
134966891
134968174
135020636
135048675
135048757
135048771
135048784
135048808
135049357
135052224
135052984
135053301
135053725
135053734
135053745
135053759
135053760
135053766
135053773
135053775
135053777
135053779
135054995
135055112
135055270
135314923
135581373
135651444
135800596
135828490
136181250
136187478
136273757
136322291
136335808
136984820
136985922
136987801
136989621
136992626
136992661
136992827
137073833
137126873
137318315
137319886
137320116
137320750
137320997
137324825
137325434
137325470
137325996
137327122
137327430
137621427
137621775
137622172
137626791
144752851
146963658
147025998
147086702
147087547
147187188
147188285
147227194
147239837
147270723
147285380
147314420
147370645
147402863
147470971
147569185
147589301
147609061
147702854
147785273
147788088
147850334
147870511
147880001
147932016
147956921
148001569
148027106
148030772
148031578
148032244
148041033
148083169
148194356
148495394
148586222
148614284
148637597
148638698
148638750
148638877
148638963
148678325
148678592
148692039
148839007
148886083
148993269
149038271
149038282
149038284
149038296
149038309
149038703
149039538
149048358
149063212
149068947
149096186
149224478
149232846
149302575
149309811
149437146
149460737
149559055
149565638
149604731
149625420
149636036
149766389
149779205
149831845
149844111
149908261
149939083
149943385
149973578
149981702
150002188
150004762
150056958
150298778
150395579
150458044
150496006
150497663
150607525
150679692
150681788
150690924
150706186
150706222
150706514
150707264
150707488
150707998
150709542
150710043
150710451
150719197
150768879
150824476
150826163
150826182
150833390
150890396
150927850
150929459
151033545
151042088
151066656
151075162
151079466
151205741
151277462
151367848
151376340
151462640
151515209
151606231
151659175
151756811
151988996
152137409
152179391
152190257
152205197
152259099
152280149
152289952
152347020
152369808
152370534
152417309
152436327
152569074
152719828
152908289
152911139
152911672
152980355
152986465
152998384
153270301
153291458
153311454
153312507
153321346
153325049
153326265
153526195
153532599
153606515
153626292
153626627
154231026
154238062
154399520
154520559
154843489
155028387
155029151
155035477
155042419
155043044
155063197
155068344
155070927
155202271
155382324
155655498
155853923
155955141
155967403
156056802
156138226
156246261
156324452
156480914
156496063
156550122
156554723
156841561
156870595
156906820
157034523
157153202
157168879
157254531
157295601
157516314
157578009
157739147
158008437
158024908
158044552
158048847
158067895
158196031
158258598
158259275
158260337
158262206
158262231
158262238
158262242
158293906
158330310
158440693
158467203
158470419
158487227
158515147
158708310
158711891
159012335
159094809
159196788
159355320
159401059
159403081
159478607
159594818
159677052
159974654
160134815
160135003
160135171
160135181
160178245
160179776
160184181
160184292
160185442
160185455
160185481
160187496
160189443
160189752
160189977
160328115
160363907
160388737
160390218
160448946
160458057
160486858
160595045
160686081
160858895
161012417
161055580
161383356
161383389
161395146
161395147
161472375
161472681
161472695
161472698
161472699
161472706
161472721
161472732
161472751
161555154
161619802
161621923
161627340
161628862
161630177
161632811
161650982
161811915
161811925
161811930
161811962
161811976
161812009
161812013
161812041
161812120
161812195
161812238
161812316
161878016
161878894
161903925
161964120
161964160
161964192
161964222
161964233
161964395
162154696
162299541
162304034
162429473
162431143
162498211
162498617
162498736
162500155
162500758
162500838
162500936
162501404
162501586
162503794
162651133
162685382
162688478
162725483
162727376
162727425
162735385
162737873
162740004
162746169
162748633
162824153
162904842
162923222
162951741
162956340
162958112
162959351
162963704
163045362
163045428
163045442
163045443
163045450
163045456
163045465
163045468
163045473
163045486
163045513
163045515
163045775
163046018
163464021
163483782
163496075
163541793
163680793
163703241
163848727
163850507
163901196
164006062
164063517
164188066
164207160
164254787
164408270
164535057
164613174
164620122
164672380
164716634
164786717
164852973
165100259
165247737
165252741
165394867
165409783
165555196
165574355
165662370
165751318
165760051
165848206
165849012
165850270
165850417
165852955
165853581
165854277
165854807
165869300
166010880
166020052
166094200
166112598
166181515
166614492
166716319
166725224
166797867
166849741
166856518
166858415
166858505
166858660
166860942
166861104
166861367
167408833
167411026
167445008
167446545
167488867
167713574
167852758
167954350
167957583
167957722
167959389
167959399
167959519
167959525
167959595
167959720
167959921
167960486
167960614
167960707
167961326
167961536
168002454
168077516
168098429
168183634
168257575
168306506
168395842
168471492
168472736
168531291
168537937
168692631
168694041
168758856
168817188
168817603
168820943
168832751
168895167
168923830
168962008
168967545
168976238
168988367
169000552
169062707
169099253
169107667
169133348
169170960
169171301
169179462
169274159
169329016
169358186
169480137
169506512
169521588
169631559
169704806
169861514
169914059
170040391
170145647
170196697
170206314
170241143
170276381
170370725
170434114
170472207
170534033
170602729
170657020
170690015
170719940
171050938
171128639
171171595
171179140
171230563
171274436
171297079
171334564
171356721
171383992
171384017
171384033
171384057
171384354
171384661
171385262
171385439
171401391
171457243
171633873
171675560
171720070
171786549
171971917
171988558
172077867
172083518
172086816
172108570
172110682
172279562
172301074
172413003
172413009
172413013
172413014
172413016
172413017
172413018
172413019
172413020
172413021
172413022
172413023
172413024
172413025
172413028
172413031
172413032
172413044
172413048
172414023
172429060
172429062
172429066
172429070
172429071
172429073
172429074
172429090
172429116
172429159
172429292
172429639
172429665
172429709
172430400
172437493
172550517
172551558
172567252
172572632
172635214
172669490
172823178
172859288
172879126
172968233
173044366
173056291
173069044
173082904
173105565
173133021
173281327
173290010
173295659
173298514
173303234
173352382
173383697
173435542
173626188
173641471
173644235
173649726
173690273
173746281
173746895
173763391
173815445
173836215
173918563
173945005
173975249
173999572
174102783
174249246
174249361
174250513
174574843
174617442
174631378
174634195
174634641
174636511
174636797
174637493
174679820
174727112
174742487
174770789
174779706
174827446
174839798
174852063
174923974
175089670
175145417
175167582
175168628
175355968
175389845
175394292
175395646
175408589
175409988
175410061
175413819
175414034
175418114
175418440
175420865
175422377
175423002
175423287
175553101
175574516
175576060
175648912
175651094
175655705
175722229
175774111
175781318
175808860
175826942
175860046
175906371
175973804
176012215
176014888
176015138
176016088
176016724
176016744
176017088
176017199
176018642
176018690
176018694
176018747
176018861
176018866
176018934
176018942
176020987
176055051
176056557
176112936
176112960
176112969
176113003
176113076
176113087
176113113
176113131
176113200
176113270
176113939
176211020
176246321
176343602
176370154
176370886
176371229
176486090
176557035
176557465
176565460
176646699
176660892
176682269
176788661
176790755
176796542
176799327
176836617
176836808
176837398
176839474
176839715
176839794
176842751
176982564
176999434
177015847
177021815
177026223
177048370
177051928
177055173
177057040
177061549
177061809
177066872
177071462
177112078
177159080
177210232
177218860
177223535
177246731
177260596
177274990
177277812
177277955
177278072
177279269
177282955
177377049
177420999
177483703
177491030
177506665
177537178
177582383
177583856
177585065
177597537
177602693
177602961
177604847
177609493
177614607
177653440
177675453
177793403
177805953
177806979
177815919
177816907
177827594
177833025
177861375
177872043
177891324
177894786
178010986
178012561
178024035
178030702
178111276
178116583
178156124
178190688
178218014
178393096
178445934
178479539
178570632
178573797
178636539
178692365
178790370
178869831
178872568
179042001
179109578
179148076
179173580
179175540
179238521
179363912
179471268
179552206
179822705
179836619
179867721
179884232
179893529
179911082
180153558
180227278
180245641
