10128067
10139074
10140541
10172064
10175964
10177756
10180757
10183100
10185835
10185844
10186516
10190256
10191286
10194316
10196409
10204047
10208526
10216912
10219323
10226848
10227038
10231913
10237650
10239834
10242742
10251270
10252720
10259793
10261238
10261260
10262043
10264448
10265802
10268152
10268265
10269835
10278857
10286276
10287316
10290327
10291827
10305873
10306087
10307478
10311545
10316379
10322301
10322561
10323109
10332123
10337785
10337821
10340864
10342171
10346828
10355491
10361940
10371433
10373994
10376316
10379027
10379505
10383897
10384666
10387016
10395945
10400969
10400970
10400971
10404140
10407761
10408522
10408534
10408542
10413797
10415822
10416347
10418205
10422598
10425963
10426590
10427893
10434307
10437967
10437975
10437976
10437977
10444092
10446285
10446741
10451428
10458858
10458882
10469009
10471310
10472269
10472314
10472701
10473679
10480804
10483373
10491889
10492598
10514873
10516168
10516289
10516326
10516356
10516357
10516528
10520779
10526527
10528261
10531305
10538466
10538898
10538907
10538932
10543730
10553711
10560999
10562057
10574903
10578948
10579400
10583022
10591875
10595419
10621175
10627615
10659492
10662566
10670557
10675960
10694966
10711266
10714329
10720736
10728121
10728577
10729173
10729174
10743958
10744691
10744792
10746088
10748464
10755798
10759934
10767558
10769069
10770486
10774354
10794620
10814328
10836436
10836765
10844320
10847489
10868481
10869775
10869927
10870300
10879163
10879190
10879910
10884217
10920617
10926839
10930135
10943701
10983773
10986064
10992124
10995554
10998922
11002046
11008595
11010052
11014040
11017884
11025693
11027446
11037819
11041505
11044639
11053537
11053561
11053602
11053879
11054106
11064969
11094531
11096030
11101580
11116604
11143376
11149683
11150171
11151211
11154732
11167233
11172474
11173558
11219147
11220372
11220377
11227181
11230985
11257735
11259835
11260851
11261406
11269370
11278533
11278925
11281216
11291017
11304012
11306834
11307023
11311335
11318000
11319476
11321296
11327942
11327945
11327947
11327948
11327954
11327957
11327959
11327969
11329536
11351770
11353352
11366925
11369159
11382077
11383275
11414632
11419802
11442268
11444295
11459533
11464049
11475101
11482021
11483515
11490085
11523477
11531309
11532349
11550919
11572080
11578416
11607194
11642631
11651129
11653745
11654997
11684034
11697250
11700537
11721716
11729118
11731272
11735039
11752349
11761821
11768255
11782568
11786253
11789048
11790398
11801974
11807026
11810445
11847448
11854571
11861303
11895597
11909032
11910003
11913885
11920318
11932813
11941197
11956625
11960697
12011253
12012639
12012741
12012890
12029187
12038516
12039501
12048459
12050461
12050465
12053821
12054178
12068628
12081203
12116106
12192817
12193057
12193060
12193289
12199908
12216893
12234825
12238273
12241892
12251349
12272359
12300481
12300524
12300548
12323152
12323183
12338500
12340979
12352987
12379062
12379186
12382086
12399703
12418944
12419250
12419384
12419433
12419713
12419794
12420199
12420325
12420886
12420951
12421305
12421408
12421411
12421436
12421451
12436705
12437028
12449023
12449165
12449177
12449193
12489627
12489860
12490332
12508799
12526934
12527540
12538657
12539121
12539514
12540499
12562583
12582779
12621342
12629914
12629974
12629983
12630087
12630296
12630312
12630530
12630698
12630903
12630972
12631140
12631187
12631265
12631286
12631308
12631386
12631486
12631750
12631785
12657831
12662606
12663318
12663409
12663571
12668934
12682835
12695696
12695907
12728057
12730925
12731208
12733556
12772953
12779539
12781244
12805970
12818875
12822981
12823997
12824079
12824140
12824158
12824259
12834632
12834875
12871425
12885840
12887982
12926167
12928217
12941099
12954079
12991892
13002974
13003033
13018146
13018925
13019050
13019264
13019351
13019352
13019362
13019400
13019729
13020001
13020014
13020015
13020058
13020129
13020152
13020256
13020302
13026727
13037877
13037911
13040885
13047394
13048541
13049106
13060360
13121785
13123086
13123098
13137402
13148166
13148259
13177587
13178944
13192048
13192539
13195171
13201743
13204971
13204986
13204989
13224553
13230275
13230276
13234713
13240098
13242880
13243083
13265225
13266428
13277826
13295190
13307133
13311830
13344012
13355880
13355988
13360109
13364932
13364941
13365029
13380383
13401835
13414680
13417409
13418413
13421581
13430221
13430255
13430379
13474075
13475400
13475419
13482590
13489597
13489770
13490792
13494948
13515091
13515474
13530949
13530971
13546204
13578415
13602099
13610473
13626164
13638908
13654723
13677186
13679278
13679370
13685350
13702977
13724415
13727069
13739670
13742441
13756572
13765423
13766392
13794867
13800710
13803236
13823279
13828039
13828104
13828112
13829979
13831339
13841795
13847695
13853876
13853938
13862578
13886848
13894394
13896707
13904719
13909161
13946103
13946481
13946696
13978151
13992162
13992561
13997926
13998305
14013841
14019306
14032950
14046379
14078566
14102039
14128997
14128999
14129000
14129777
14146244
14149238
14161184
14194816
14211506
14211516
14213201
14232930
14234829
14254378
14259999
14294981
14315689
14324954
14332010
14343083
14351411
14354894
14371205
14389642
14428727
14457714
14459204
14485606
14488719
14499776
14503464
14507848
14526998
14532549
14534745
14534746
14534747
14534748
14534749
14534751
14534752
14534753
14534756
14534757
14534758
14535160
14541619
14584448
14586577
14593915
14595587
14601309
14631122
14643696
14646801
14647440
14647441
14674614
14677763
14712857
14803999
14819522
14834456
14844045
14867340
14871764
14875106
14878847
14884529
14901906
14907875
14924850
14939821
14955929
14964248
14975419
14993793
15063582
15121285
15146244
15146779
15158801
15158942
15162546
15165799
15179296
15179466
15184025
15185970
15190367
15190867
15199612
15250282
15260256
15261123
15270317
15271087
15273558
15311518
15374264
15385272
15385275
15387432
15432897
15468116
15496124
15496758
15496806
15510354
15512980
15526805
15530437
15555294
15559092
15568672
15596807
15611811
15618966
15623011
15623674
15627052
15639847
15667768
15674680
15719203
15783872
15796974
15843034
15854785
15900797
15901586
15933038
15951300
15956148
15960413
15981969
15988000
16014695
16015618
16021708
16022593
16038639
16044348
16069861
16077123
16088229
16093903
16100737
16138967
16141414
16155333
16160271
16160273
16167841
16172651
16204546
16213148
16216924
16223352
16237862
16246515
16250714
16251909
16255614
16255663
16277020
16289428
16304848
16317867
16321091
16324625
16375414
16375466
16379523
16390066
16392728
16407124
16418796
16419547
16439637
16442267
16449559
16466733
16475091
16494380
16501036
16501239
16506028
16512633
16524555
16535185
16551125
16556032
16561742
16563220
16574203
16581031
16595164
16600540
16634798
16644620
16709888
16710718
16711082
16713874
16729036
16746899
16755145
16769737
16769810
16777846
16783170
16783717
16795324
16797891
16811718
16812504
16812839
16814097
16818098
16820604
16840439
16844897
16866879
16877822
16878480
16881260
16881291
16881519
16881523
16881534
16881591
16881805
16882008
16882804
16936702
16952951
16954518
16958543
16984797
17018577
17019130
17019266
17019329
17019492
17019505
17024377
17025448
17027860
17027955
17094476
17114287
17120908
17122073
17122750
17122751
17131000
17143039
17196893
17209029
17232941
17233118
17243506
17243530
17243641
17243816
17266165
17360336
17360959
17391729
17398951
17400294
17401118
17401120
17431083
17446709
17448467
17463418
17483555
17496286
17496783
17500083
17554616
17595024
17653161
17670790
17675779
17678904
17686253
17718311
17724240
17726802
17770107
17778912
17803806
17880503
17881922
17884839
17885689
17904647
17922024
17923328
17928538
17928542
17928545
17935705
17937918
17948856
17948930
17984004
18004008
18004585
18016790
18030474
18045109
18059415
18080987
18081102
18086682
18107342
18109622
18109942
18111140
18111296
18114851
18118827
18121379
18123897
18124089
18124105
18142984
18143007
18143666
18144573
18145990
18149005
18153035
18156727
18156864
18156874
18157412
18157438
18157446
18157498
18157530
18204714
18205043
18205747
18206013
18206158
18206201
18218483
18238546
18238587
18238592
18238841
18238870
18239026
18239054
18239297
18239323
18239629
18240886
18241678
18252573
18253592
18254603
18257614
18260962
18286977
18298315
18300274
18310612
18314535
18314588
18314908
18319035
18319656
18328293
18332798
18333049
18358549
18358693
18372735
18378376
18383817
18384020
18388833
18388846
18389370
18389433
18389455
18389460
18389493
18391504
18437986
18439470
18440395
18448011
18448104
18448105
18448333
18448335
18448417
18448515
18448516
18448538
18481359
18500303
18514170
18525152
18527363
18561094
18582563
18587795
18588148
18596081
18618435
18627811
18634013
18636006
18641721
18647871
18649568
18656534
18658079
18659749
18688458
18691099
18691367
18691371
18699815
18707260
18711159
18723294
18738092
18743511
18743528
18786085
18797122
18829602
18833753
18835450
18835452
18840477
18842001
18846439
18856165
18880114
18886660
18910060
18918072
18918133
18927752
18928688
18928780
18953350
18955301
18970534
18973208
18973778
18982523
19001248
19018181
19044414
19084706
19127010
19137039
19160493
19161193
19178850
19181425
19188717
19192293
19217444
19226063
19229167
19232801
19233518
19253737
19253852
19257265
19260006
19267006
19293727
19294783
19295082
19297573
19305468
19306757
19320405
19338775
19339154
19343774
19345853
19347746
19351434
19362890
19441182
19473256
19474325
19481459
19491548
19498543
19514225
19551644
19551668
19562843
19567013
19576207
19580622
19610774
19611467
19622978
19626027
19627358
19632843
19651967
19652711
19679527
19687612
19701752
19708088
19732473
19732498
19732873
19742664
19760808
19779157
19789676
19790769
19818185
19850575
19865310
19865425
19865501
19866148
19868561
19869668
19891332
19891656
19917000
19918324
19968960
19982406
19987990
20008220
20009011
20009515
20010314
20059867
20060522
20060863
20090831
20096579
20099359
20114193
20121590
20132849
20132850
20137792
20181933
20198938
20208146
20212956
20216158
20234904
20249442
20259868
20273636
20274050
20275141
20280466
20280468
20280692
20284472
20285890
20305970
20309107
20315354
20333517
20334452
20334729
20334732
20334767
20334786
20334823
20337680
20342144
20342217
20342674
20344373
20355683
20358888
20359967
20365317
20367315
20377259
20387356
20399370
20408322
20410250
20424226
20437342
20443695
20443706
20443728
20443731
20443783
20484506
20510401
20514811
20520841
20522935
20569997
20570304
20615038
20618041
20620530
20625099
20627817
20636559
20641507
20664398
20666955
20676883
20687631
20709871
20721090
20726160
20754493
20759587
20761724
20768628
20780763
20780786
20780793
20780838
20781926
20789702
20792041
20797919
20799422
20811638
20815439
20823264
20839604
20839641
20839650
20839651
20839707
20839979
20842057
20842511
20843834
20848552
20861575
20862192
20903943
20925857
20931244
20943449
20947375
20948247
20968802
20973054
20975423
20985970
21005890
21008355
21014159
21024908
21046720
21047401
21052668
21055764
21093094
21098029
21098730
21102190
21114476
21138182
21138366
21139190
21139434
21169340
21171904
21172602
21173725
21174113
21187995
21193094
21193316
21193428
21261963
21279000
21286878
21292284
21315603
21329156
21345374
21345405
21387869
21401227
21416862
21442641
21446213
21446229
21461210
21461332
21474680
21507994
21518149
21538679
21538681
21538682
21545436
21567436
21584300
21595493
21601136
21608767
21610245
21611549
21630943
21682328
21688651
21704172
21704237
21712750
21719300
21723648
21749234
21751313
21755757
21758669
21771913
21773298
21774451
21775850
21784135
21790406
21804052
21806672
21809063
21810599
21828753
21846651
21865985
21904509
21927636
21931025
21944046
21949047
21967752
21971557
21979410
21987767
22068429
22074160
22074797
22075355
22082939
22098456
22103132
22103135
22103137
22103144
22115262
22121127
22136236
22150349
22152001
22160343
22168902
22173616
22187432
22208328
22211724
22248103
22260117
22283167
22287689
22309695
22311995
22325895
22326163
22327230
22333563
22336146
22342148
22355964
22405275
22405596
22415043
22415056
22422396
22422506
22422977
22423024
22423089
22476154
22532268
22535848
22536223
22554392
22571553
22594868
22613412
22625697
22629777
22642398
22665649
22699544
22699599
22699644
22699686
22699872
22699877
22700054
22708765
22713603
22739863
22740454
22744990
22747557
22753000
22765503
22771630
22805548
22825240
22829242
22829716
22830300
22830363
22836080
22836823
22841862
22856431
22888884
22906667
22910504
22911723
22912154
22915459
22925113
22925283
22927848
22950569
22973774
22979203
22987694
22992716
22995546
23001302
23026141
23030412
23042325
23045989
23047726
23062232
23080981
23081300
23081652
23083792
23084343
23112434
23114572
23126017
23126691
23132767
23135010
23136154
23148650
23149629
23187451
23197134
23227408
23240982
23275198
23275716
23285918
23319497
23328217
23333718
23350450
23392390
23428153
23440807
23461708
23469865
23526797
23530787
23548698
23548733
23548795
23548814
23548874
23548925
23548999
23549029
23549138
23549205
23549446
23549817
23550092
23550819
23565225
23565230
23565233
23581367
23583151
23599614
23599686
23599687
23603673
23607120
23613231
23617555
23624863
23639125
23654878
23660392
23662631
23721724
23738933
23744075
23745073
23748092
23760195
23764679
23771492
23777369
23797170
23823787
23827608
23849589
23873670
23874951
23875030
23875508
23876984
23911015
23922275
23922971
23930835
23952467
23965494
23997014
24007633
24014553
24022947
24025025
24026242
24045184
24045825
24046758
24074094
24087807
24088583
24088659
24088714
24089672
24096135
24117595
24143740
24152276
24155334
24169129
24176051
24179465
24185156
24186905
24223089
24235878
24249451
24265711
24312442
24319991
24326907
24338880
24387410
24417387
24445520
24457345
24481926
24482832
24483653
24483681
24490520
24490553
24503182
24509319
24511754
24512135
24544916
24545384
24555138
24555897
24576443
24589646
24606924
24631310
24633462
24650736
24651739
24655199
24675775
24678993
24679543
24679735
24679867
24716085
24716982
24730610
24730614
24743186
24807509
24807708
24808224
24809503
24809592
24809648
24863507
24912385
24921499
24924875
24927089
24934024
24940464
24941237
24965478
24971058
24976204
24977560
24977627
24977653
24977882
24979036
24979044
24981480
24981485
24994260
25001964
25036322
25038039
25052007
25097635
25130810
25141075
25150798
25152942
25174754
25174925
25177101
25177217
25190922
25204385
25206627
25209008
25211530
25215347
25218940
25227608
25236086
25236201
25238897
25240961
25274183
25301964
25309179
25331020
25394476
25438397
25439105
25446594
25471475
25484562
25484953
25513908
25526463
25531388
25532688
25550312
25563177
25581224
25583837
25591018
25601733
25621510
25646076
25649262
25682634
25687830
25703460
25717789
25720259
25732161
25736551
25737365
25759809
25769625
25769750
25772061
25786310
25786938
25786949
25787078
25821737
25841638
25851604
25851849
25892826
25913973
25913974
25913978
25913985
25913986
25913988
25913989
25913991
25913993
25913997
25914022
25914120
25914125
25914142
25914143
25914435
25915007
25917438
25917451
25917565
25917570
25917772
25917815
25917944
25918195
25918237
25918423
25918524
25922699
25922709
25922716
25922725
25922726
25922727
25922730
25922737
25922738
25922741
25922742
25922745
25922759
25922787
25922790
25922796
25922808
25922982
25923076
25923104
25923194
25924204
25929226
25929233
25929238
25929269
25929277
25929281
25929284
25929287
25929290
25929294
25929297
25929300
25929310
25929328
25929335
25929386
25929400
25929441
25929463
25929493
25929583
25929612
25929621
25932580
25937928
25938197
25941106
25955028
25957350
25959591
25960001
25964715
25964810
25965071
25965173
25965664
25965704
25965849
25967743
25968108
25969071
25969592
25970409
25970446
25974765
25975666
25981805
25983137
25991501
25992924
25995586
25995587
25995588
25995589
25995590
25995591
25995592
25995594
25995596
25995598
25995599
25995600
25995601
25995604
25995605
25995606
25995607
25995608
25995609
25995610
25995611
25995616
25995633
25996477
25996652
25996795
25996907
25997234
25997274
25997700
25997799
25997849
25999043
25999155
25999280
25999412
25999460
26002644
26003441
26003442
26003444
26003445
26003446
26003447
26003448
26003451
26003452
26003453
26003455
26003456
26003457
26003458
26003459
26003460
26003462
26003463
26003466
26003471
26003472
26003474
26003480
26003482
26003490
26003777
26003823
26004818
26005228
26005846
26010544
26011498
26011850
26013326
26013327
26013328
26013330
26013331
26013332
26013333
26013334
26013335
26013336
26013337
26013338
26013339
26013340
26013341
26013342
26013343
26013344
26013345
26013346
26013347
26013348
26013349
26013353
26013354
26013372
26013377
26013485
26013491
26013705
26013709
26013726
26013736
26013739
26013750
26013765
26013766
26013775
26013792
26013803
26013808
26013837
26013844
26013859
26013873
26013897
26013909
26013927
26014906
26014936
26015000
26039899
26044244
26052657
26068227
26080376
26085031
26097952
26100505
26107405
26130932
26131456
26146837
26149338
26153064
26155594
26155692
26156135
26156570
26178088
26183809
26184585
26198515
26200645
26200701
26202167
26202295
26202298
26202366
26202372
26202390
26202391
26202392
26202446
26208228
26208350
26247431
26247652
26247656
26247657
26247658
26247660
26247668
26247672
26247703
26247730
26247741
26247958
26248412
26248554
26250762
26250764
26250768
26250773
26250786
26250854
26250857
26251044
26251402
26251484
26251607
26251619
26251725
26254062
26270881
26298441
26298557
26299138
26299171
26299315
26299398
26299600
26307892
26309383
26310686
26310733
26310802
26310881
26310897
26310989
26311056
26311148
26311243
26311281
26311351
26311355
26311400
26311455
26311586
26311646
26311789
26311838
26311875
26312098
26312218
26312225
26312321
26312665
26312877
26313178
26313326
26313953
26315929
26316108
26316119
26316137
26316143
26316160
26316334
26316379
26316381
26316385
26316395
26316410
26316416
26316433
26316435
26316509
26316526
26316666
26316790
26316871
26316878
26316919
26317405
26317632
26318214
26318264
26318699
26330112
26337352
26343505
26344484
26344505
26365617
26370698
26377698
26395071
26396578
26435867
26445734
26446131
26453724
26454080
26454151
26454181
26454200
26454330
26454535
26454546
26454644
26454653
26454685
26454749
26455078
26455263
26455554
26456522
26471369
26472121
26480257
26507309
26508108
26520418
26527218
26548678
26563629
26577946
26590631
26591759
26594196
26630070
26663387
26693525
26699922
26714212
26727118
26730146
26731189
26732116
26738579
26739065
26805838
26814889
26814933
26831385
26835801
26849223
26850534
26852660
26853381
26876313
26888659
26890216
26941890
26947218
26974171
26984403
26984762
26993616
27014837
27033544
27034034
27043480
27053209
27063623
27071036
27087389
27088984
27103762
27132543
27137616
27169165
27177503
27212766
27218400
27219570
27225930
27231675
27233504
27259972
27289747
27290497
27307868
27307934
27307953
27307989
27325698
27387916
27388066
27389516
27448738
27453264
27455172
27590466
27590476
27590482
27590488
27590494
27591116
27591386
27591978
27593640
27599442
27620698
27668562
27684288
27688454
27688836
27706410
27712278
27712752
27712798
27720626
27791974
27794266
27814082
27839550
27843314
27843808
27851558
27859944
27892554
28130440
28157556
28345740
28381254
28434296
28448950
28511230
28549300
28559854
28568194
28572308
28582800
28674858
28708426
28719170
28741002
28831570
28966748
28976188
29083356
29084222
29084262
29084274
29084340
29098088
29101248
29137246
29137910
29137946
29140772
29142278
29200638
29214614
29250628
29286968
29340904
29425548
29433054
29451560
29453512
29454666
29488120
29495454
29560806
29580370
29584618
29609370
29623870
29641754
29685774
29694118
29849746
29851292
29862544
29863098
29864088
29867652
29867866
29887606
29891382
29944362
30017788
30033970
30037810
30054164
30065478
30089308
30101420
30137412
30138942
30138992
30139134
30141232
30176930
30202340
30354154
30354612
30356288
30390106
30427960
30477784
30571876
30627102
30648464
30745844
30824288
30838574
30913910
30951668
31009908
31040734
31047976
31080194
31121472
31124298
31128144
31201932
31202380
31251404
31306286
31314226
31342782
31342920
31344878
31375660
31376360
31438640
31574928
31669936
31696782
31840146
31889206
31947904
32013478
32034798
32053984
32062306
32081660
32144810
32145810
32292454
32420790
32475834
32565024
32651324
32652072
32794596
32856444
32858180
32860528
32875070
32913194
32992652
32997604
33004126
33069210
33124340
33144212
33189874
33258894
33299168
33312794
33339240
33385956
33393856
33394846
33396218
33407814
33481352
33500106
33519450
33547104
33548174
33564226
33566092
33662348
33707958
33786386
33788550
33856212
33908138
33978742
33980932
33982206
33985652
33998060
33999482
34081304
34082384
34083430
34084598
34084786
34090092
34092314
34100544
34125112
34126680
34214798
34221114
34249140
34282634
34286736
34328134
34378064
34402140
34432572
34441250
34441758
34532458
34555980
34568512
34596268
34705746
34711878
34744212
34794264
34794734
34800116
34818310
34824914
34834300
34834360
34834572
34834660
34834678
34834972
34835080
34835094
34835548
34836380
34878268
34901642
34920066
34927000
34956138
35018764
35029508
35039596
35095006
35098018
35100208
35158760
35163868
35224094
35225084
35227226
35241030
35305736
35306874
35330296
35330656
35352762
35364126
35371240
35372248
35372802
35375966
35392540
35398108
35417836
35417864
35418390
35418530
35421046
35458864
35589628
35600696
35603182
35603234
35603454
35654904
35656270
35670922
35679878
35765730
35783878
35808286
35837626
35962932
35987236
35988050
35991164
35994830
35995524
35995542
36018412
36020756
36043132
36044392
36047922
36065368
36065372
36066518
36066528
36066542
36067202
36073702
36105608
36161314
36172782
36205176
36239110
36282224
36422444
36523124
36534422
36545190
36555078
36621830
36633672
36641158
36680306
36717644
36737760
36753416
36792808
36810374
36866352
36872214
36879412
36880714
36895294
36896642
36998450
37029152
37039504
37039720
37040040
37040202
37041092
37041770
37041814
37042426
37045078
37045966
37046332
37046340
37046720
37051512
37089996
37142012
37191214
37194006
37206354
37208996
37211130
37212244
37212302
37213960
37213962
37214136
37214774
37215062
37223864
37224912
37225098
37225504
37225560
37228180
37244604
37247156
37255616
37262270
37267158
37267858
37267868
37270064
37270462
37270500
37270946
37274064
37328428
37406808
37428966
37440710
37441818
37443122
37456032
37471468
37475206
37477194
37478522
37479282
37487600
37491562
37492190
37492992
37493458
37654284
37662704
37685340
37716940
37717468
37719506
37742206
37824190
37865568
37871560
37871940
37873450
37882528
37892806
37903634
37926664
37950280
37953428
37961024
37978974
37981928
37999304
38006010
38016194
38036222
38053308
38063472
38070424
38124356
38128838
38195516
38254520
38254534
38254538
38254558
38254564
38254566
38254576
38254584
38254588
38254618
38254624
38254634
38254650
38254664
38254696
38254700
38255248
38256298
38256592
38259134
38262756
38263078
38263220
38263248
38283782
38295264
38314998
38315144
38320028
38416738
38524976
38552530
38573866
38577020
38595470
38596334
38636858
38697326
38910860
38928476
39087294
39098992
39119358
39154358
39173150
39236760
39237280
39237566
39245062
39249168
39295464
39306148
39352898
39359536
39366360
39417148
39431326
39459498
39483760
39486500
39492638
39495518
39495908
39554964
39560160
39583744
39591974
39614120
39619382
39630438
39633240
39662640
39673736
39736042
39788652
39834798
39844906
39852602
39910862
40009462
40015678
40033130
40036628
40047710
40109268
40137200
40199528
40219954
40221520
40234550
40244466
40245100
40365380
40365476
40399488
40404162
40456408
40470908
40475810
40480844
40486090
40497648
40513600
40520224
40543810
40544486
40547362
40549844
40604998
40611592
40625996
40644086
40644862
40654738
40673160
40827224
40866142
40900390
40957428
41061240
41083580
41138298
41142306
41156768
41224662
41305702
41319400
41372186
41405650
41417514
41435596
41445066
41503770
41527844
41538530
41584146
41619614
41628988
41641872
41668268
41674188
41685424
41685560
41703608
41730766
41744172
41768540
41801108
41814812
41905208
41937960
41948688
42095722
42152328
42157728
42160406
42166404
42238896
42244078
42351782
42419164
42427296
42449492
42475326
42557626
42592224
42593542
42604198
42609844
42610556
42640512
42657290
42673664
42674876
42687360
42727430
42729244
42901652
42902402
42902432
42904178
43027472
43028694
43028902
43032742
43082010
43095630
43132146
43183508
43185660
43211452
43228260
43235830
43238526
43260360
43321480
43323724
43331008
43331498
43374416
43413792
43455566
43512862
43516462
43516810
43533684
43536668
43552486
43626378
43666916
43694842
43698394
43714100
43717876
43797260
43815132
43896490
43967412
44057258
44079060
44079644
44088922
44141568
44182550
44305834
44345316
44392158
44392180
44408856
44417286
44427374
44438090
44440338
44443410
44472332
44489366
44505014
44505844
44505888
44505910
44506030
44508430
44508566
44508596
44509928
44558910
44600714
44606248
44606536
44661748
44661750
44661830
44689716
44705668
44712700
44732304
44771152
44800680
44813432
44837086
44844638
44873968
44891720
44947356
44968556
45010570
45012144
45019832
45033146
45071356
45154436
45155672
45161380
45185120
45206700
45289154
45290154
45294480
45364844
45373008
45393258
45462616
45508074
45548542
45596270
45605004
45657318
45670806
45691346
45730632
45742174
45757942
45771028
45795902
45802206
45806368
45842528
45886648
46005670
46011242
46011620
46011638
46011806
46012666
46012700
46012942
46013380
46013448
46013610
46014738
46014832
46014918
46016228
46017098
46017252
46017532
46017910
46017946
46020060
46020096
46052752
46053488
46054072
46055994
46056512
46058066
46059308
46059926
46060960
46061484
46061710
46063106
46063168
46245054
46278212
46346646
46440954
46470060
46507196
46531700
46534462
46538472
46622816
46670648
46671456
46683402
46801736
46812584
46824966
46868700
46945184
47075390
47075412
47075424
47075868
47080512
47194016
47194036
47194040
47194230
47194586
47195186
47195268
47196096
47196772
47197518
47199328
47200526
47201286
47232138
47241562
47308772
47317290
47399122
47413052
47460470
47621694
47675168
47739930
47742296
47759170
47768966
47770620
47773594
47776814
47868312
47890750
47910694
47950992
47998100
48132100
48361860
48430460
48454180
48454418
48512474
48512922
48537352
48547312
48601202
48606836
48626744
48666046
48667150
48715528
48717678
48718172
48720864
48723606
48761686
48818388
48824622
48848950
48852274
49049608
49052874
49142946
49203824
49467590
49520518
49587098
49593306
49739658
49740996
49744162
49744804
49753192
49787290
49805308
49818984
49823124
49846948
49848582
49921748
49925922
49929452
50022106
50038074
50085356
50127214
50271930
50316490
50316558
50346484
50346712
50352650
50363898
50371292
50454100
50599826
50601778
50748424
50753202
50766468
50849834
50912960
51060364
51065670
51094660
51095290
51202080
51209974
51212308
51226146
51260590
51305562
51463728
51476604
51478920
51555984
51569834
51634202
51813858
51874470
51885204
51915516
51916066
51929236
52001290
52058526
52060134
52071804
52112554
52114608
52118834
52150448
52151956
52193374
52209128
52235470
52264030
52327588
52376658
52385060
52448508
52458802
52471366
52474470
52474722
52477918
52500548
52505570
52534242
52558136
52560220
52681966
52692894
52715602
52764800
52848150
52862686
52888026
52958070
52967520
52968044
53174408
53176690
53223896
53250762
53308112
53315872
53334662
53340912
53509842
53549302
53594582
53599850
53690040
53698410
53718388
53729360
53751222
53782584
53803636
53870046
53871768
53871784
53873466
53873522
53874392
53875784
53883108
53897674
53899336
53933576
53935942
53937018
53941568
53943890
54005700
54014726
54023810
54024066
54024348
54052410
54126520
54148884
54184380
54188414
54275226
54362948
54369148
54427110
54458956
54486580
54527014
54611624
54612818
54615688
54686750
54704756
54753688
54762928
54772252
54772686
54815776
54828392
54835792
54838902
54850820
54853566
54874968
54886960
54888548
54968888
55013426
55055170
55114882
55282780
55301166
55428016
55435682
55609848
55627066
55696764
55748342
55786310
55800436
55804640
55828088
55865682
55995102
56001704
56020824
56230858
56325310
56334896
56360284
56507344
56617680
56629236
56843200
57037296
57042392
57051070
57107938
57181798
57247620
57285020
57375086
57378866
57440700
57529138
57531544
57663110
57729724
57738924
57756912
57770396
57771594
57800928
57805620
57831082
57916528
57960106
57973142
57997552
58018154
58025022
58302640
58425732
58475300
58589128
58606128
58611942
58646492
58794364
58815174
58821794
58838918
58891778
58905456
58911336
58941744
59049044
59159434
59165628
59211048
59212274
59212430
59213444
59213722
59214184
59214658
59215280
59215306
59215896
59215986
59216514
59216590
59219400
59391576
59393154
59396826
59473724
59629180
59804858
59805152
59864390
59866426
59867136
59867244
59867398
59867404
59873966
59879728
59880242
59880440
60005322
60038558
60039128
60040666
60041918
60041950
60043692
60051656
60052106
60052304
60055504
60055702
60055940
60056542
60056818
60113062
60130464
60136806
60161490
60166912
60171778
60182556
60240300
60360080
60394196
60407820
60410364
60410522
60411710
60414156
60414174
60415052
60420424
60424170
60424434
60425850
60426022
60426914
60427830
60427890
60427968
60428024
60430002
60430676
60432386
60433022
60569066
60602660
60603452
60604510
60605438
60610578
60624022
60624590
60624704
60625160
60627716
60627732
60627830
60641650
60642106
60643104
60661578
60661610
60676732
60679676
60717594
60785058
60789284
60796470
60801152
60801720
60803944
60815976
60817810
60846484
60846608
60846612
60858340
60859860
60862150
60862154
60863928
60864084
60866032
60867364
60880494
60891368
60978256
60991336
61018938
61047602
61061264
61063276
61064050
61066144
61079010
61081080
61106092
61110786
61205718
61273228
61282434
61282626
61283038
61284962
61285040
61323412
61347618
61371628
61404342
61448726
61496252
61592918
61613406
61647514
61710802
61714296
61740526
61820262
61829684
61850422
61887328
62068526
62088108
62103620
62142506
62143370
62157638
62188564
62237256
62289362
62311230
62334816
62338210
62412358
62525112
62659870
62684484
62741466
62742848
62743692
62976702
62977828
63025932
63069426
63146388
63165684
63205602
63317808
63426836
63501274
63605210
63635946
63670734
63670754
63864728
63885422
63899408
63915022
64021824
64022090
64022696
64024140
64041572
64048106
64104264
64289862
64373756
64563888
64566672
64614282
64644936
64684740
64721490
64729442
64830244
64866294
64887750
64913632
65036736
65039948
65120180
65166822
65167554
65167714
65167794
65167936
65168166
65168300
65168402
65168748
65171454
65190324
65200004
65230150
65321382
65364536
65441694
65484990
65507152
65507448
65508536
65511698
65522424
65659076
65675130
65675954
65676212
65679836
65720054
65858152
65956954
66050898
66183002
66198144
66296574
66300798
66304370
66384924
66409760
66419402
66446086
66447046
66542210
66622160
66689980
66904780
66975360
67003110
67025836
67062932
67191282
67313638
67331752
67336214
67385428
67459214
67466954
67495612
67534374
67567978
67691218
67880300
67902022
68129806
68156506
68165080
68186442
68258734
68276468
68333078
68355260
68355274
68355276
68355288
68357426
68362484
68545340
68630734
68635358
68639196
68774340
68982154
68988600
69005646
69020088
69098890
69125106
69158344
69162008
69302608
69343516
69393542
69421652
69472896
69477702
69481732
69496260
69520366
69591516
69691122
69726242
69744294
69746286
69761248
69763704
69808962
69823152
69824920
69829338
69832866
69861254
69992730
69993684
70003038
70072714
70158730
70197978
70198772
70311472
70331556
70343490
70343910
70399766
70415688
70415842
70416108
70416252
70416266
70416772
70416994
70417066
70417540
70417542
70417546
70417548
70417550
70417552
70417564
70417568
70418562
70418860
70418892
70418956
70419012
70419406
70422564
70436920
70469266
70499862
70537548
70537762
70553804
70558626
70687826
70692116
70699044
70766342
70826506
70828364
70884250
70948480
70993098
71039142
71047824
71067556
71106672
71252070
71276554
71352630
71360554
71430060
71445382
71529312
71613732
71709308
71719796
71722126
71730748
71845218
72003290
72084970
72090374
72151046
72714624
72753528
72800496
72808780
72980864
73031872
73166820
73169902
73193344
73293710
73338616
73355002
73361218
73362166
73396168
73510308
73537066
73543160
73566080
73594662
73641680
73739580
73754426
73763328
73805526
73831766
73846548
73846948
73856166
73884860
73903086
73967232
74008362
74016682
74031894
74033572
74035100
74123292
74149394
74258804
74300000
74305492
74306158
74408178
74438122
74466684
74479136
74493304
74514462
74520510
74532968
74736518
74739474
74746810
74746816
74747554
74760830
74780772
74781072
74781138
74782064
74782718
74782924
74782952
74808270
74813234
74814272
74816390
74834602
74864780
74923126
74925774
74926670
74927118
74927590
74927800
74929716
74930150
74930524
74930654
74931816
74932680
74942278
74943382
74943810
74950944
74952028
74952694
74955906
74956106
75006528
75006536
75006546
75006790
75006956
75007174
75007610
75007614
75007706
75008316
75008518
75008698
75008848
75009042
75009258
75009700
75009752
75009810
75009820
75009886
75010286
75010302
75010974
75025654
75027318
75053798
75073384
75102414
75104220
75118138
75157776
75157880
75157906
75157910
75157918
75157930
75157936
75157938
75157940
75157942
75157948
75157950
75157952
75157962
75157964
75157972
75157990
75157992
75158004
75158058
75158084
75158192
75158324
75158552
75158958
75160618
75160712
75196584
75196780
75196782
75196788
75196798
75196800
75196802
75196808
75196810
75196816
75196820
75196822
75196944
75197096
75197128
75197332
75197532
75197946
75198224
75198684
75199694
75200324
75200398
75207916
75248934
75307238
75307648
75383200
75526444
75528476
75588620
75695490
75741418
75778088
75779474
75783424
75795414
75819628
75829616
76044460
76053220
76123398
76150086
76150408
76150644
76150852
76182856
76250490
76290930
76406966
76449324
76482424
76610652
76712380
76765436
76807990
76867858
76924762
76964460
76966728
76984032
76988992
77208296
77263992
77293232
77330808
77547554
77607482
77622050
77796258
77814498
77872450
78025692
78032362
78068898
78098726
78125164
78129606
78302604
78303752
78304454
78306530
78306894
78354194
78360068
78450428
78507812
78511498
78512754
78521426
78521430
78523760
78525412
78525502
78528478
78529714
78553248
78608586
78655966
78754298
78865474
78972572
78974586
79064772
79122450
79134778
79150212
79150328
79150400
79150438
79150458
79150462
79150464
79150468
79150488
79150498
79150502
79150506
79150532
79150602
79150604
79150764
79150774
79150788
79150802
79150844
79190046
79238702
79358604
79365436
79417202
79606590
79608592
79727342
79828108
79842778
79845752
79945194
79978562
79995034
79995090
79995222
79996670
79999048
80003024
80183492
80200356
80205980
80326680
80439516
80472248
80540474
80640454
80654468
80678564
80770134
80893414
80925348
80968026
81019718
81053272
81132864
81135972
81185298
81188632
81188796
81233068
81395250
81407042
81407106
81416410
81470692
81566548
81679560
81725662
81747666
81872592
81991158
82041470
82057430
82061778
82085184
82091574
82133726
82168418
82173792
82564912
82658924
82729892
82816256
82832080
82886850
82940996
82942672
82959958
83045894
83048040
83083528
83115640
83265178
83341384
83353552
83441160
83549212
83692844
83761576
83901766
84411464
84556628
84572150
84630552
84826132
84864466
84919622
85218454
85245268
85329864
85398272
85630344
85631478
85779562
85869986
86021390
86328765
86390903
86393002
86416542
86426640
86428775
86521214
86522845
86524175
86541606
86543240
86543386
86543668
86543687
86543879
86544070
86544086
86547374
86581989
86591625
86621085
86621122
86658543
86738086
86759366
86830510
86856698
86859752
86885602
86887993
86891524
86909792
86975540
86981595
86999094
87083303
87227316
87279002
87340173
87373043
87423385
87446866
87455981
87481602
87489926
87586015
87644331
87698487
87758847
87820929
87841544
87884408
87899326
87980698
88122746
88131992
88153616
88166154
88261498
88272682
88282858
88324641
88521868
88624848
88652145
88702200
88724044
88860708
88881702
88889930
88984243
89054965
89147029
89148941
89263281
89371571
89389830
89391943
89400451
89421093
89466522
89475196
89578716
89608386
89623618
89626613
89698030
89699695
89706178
89764402
89798838
89905820
89952533
89999823
90000558
90019455
90019505
90023003
90051563
90101584
90112865
90289750
90327705
90341567
90375078
90389041
90405567
90410420
90463858
90537119
90649085
90669344
90687484
90711581
90783149
90877508
91099416
91210086
91240416
91256891
91329383
91362898
91407434
91408870
91429023
91456532
91540597
91560807
91565566
91602398
91611132
91612972
91619889
91690698
91705489
91756939
91761164
91765702
91793868
91830948
91954622
92002090
92050985
92059909
92060747
92070641
92098870
92106665
92153074
92160236
92184646
92184687
92242998
92284484
92286712
92293880
92368281
92390624
92514889
92530467
92558571
92623211
92634224
92647734
92687266
92731755
92758425
92764597
92770828
92794029
92833043
92911896
92977450
92991184
92991323
93072682
93091775
93092801
93124504
93134662
93153271
93157811
93174168
93178937
93180876
93182823
93298882
93302951
93391033
93412153
93439006
93465104
93488400
93497142
93516163
93556652
93566776
93676658
93684140
93724485
93750299
93761064
93794841
93805881
93806451
93829992
93868847
93902724
93913785
94015401
94015734
94016071
94017374
94018442
94018602
94018677
94018745
94030645
94035811
94038426
94038596
94039642
94039657
94039928
94040498
94040549
94041077
94041130
94055910
94071419
94087936
94130932
94131518
94131768
94139079
94140705
94154332
94159176
94160679
94172724
94174972
94175694
94176931
94178175
94179164
94220483
94220802
94220904
94234070
94236260
94309746
94310577
94311117
94311321
94311731
94314764
94314813
94314865
94335264
94343258
94343582
94343607
94343628
94344716
94345573
94398462
94409728
94456579
94476572
94538668
94651615
94684925
94692249
94692969
94693255
94693910
94716488
94718084
94730708
94854138
94861138
94863696
94886215
94957839
94977706
94977915
94979017
94979074
94979358
94982536
94983515
94985194
94989329
94995794
95013745
95013746
95014121
95014272
95014702
95014805
95017110
95019179
95020267
95021085
95021213
95021312
95119736
95154319
95154493
95156198
95158138
95160077
95160108
95168342
95206162
95252207
95300591
95309053
95354450
95382348
95382550
95385445
95399660
95400177
95400661
95400995
95401099
95403783
95432071
95433756
95434268
95434796
95436649
95437662
95507821
95580555
95581570
95581689
95581953
95582239
95587549
95663634
95665372
95668860
95706339
95733333
95734890
95851609
95852871
95890498
95912221
95916308
95927138
95973623
96007911
96036712
96042815
96080983
96082064
96084057
96090921
96105743
96107153
96185667
96249065
96313743
96333553
96418997
96439552
96439737
96456757
96471316
96473626
96550828
96601317
96601947
96607145
96609024
96681832
96738033
96780310
96855800
96858040
96872373
96879042
96879208
96960819
96982503
96999004
97121812
97158299
97196644
97207883
97226930
97322272
97322914
97326659
97341849
97496644
97496859
97496911
97496994
97573596
97614315
97626764
97627501
97722113
97739336
97815697
97844533
97873155
97939351
97940471
97963244
97988382
97989319
98006883
98026867
98039713
98052350
98052720
98052754
98053036
98053106
98053109
98053146
98053157
98053573
98054093
98077723
98078215
98078289
98078625
98078671
98078878
98078958
98093965
98099640
98117377
98129717
98187187
98249320
98256441
98269048
98287334
98316722
98318924
98331881
98337341
98379880
98402613
98459502
98475561
98538041
98551138
98567120
98574892
98591121
98610917
98624565
98646983
98656656
98663232
98676671
98696150
98756728
98756743
98757698
98758529
98758531
98758537
98758554
98758556
98758559
98758565
98758566
98758573
98758605
98758616
98758674
98758699
98758934
98759366
98858674
98891436
98989582
99065227
99072674
99252944
99255216
99262999
99296281
99296771
99378989
99487563
99499762
99535431
99560853
99572312
99600300
99604925
99620447
99644729
99683481
99755734
99755962
99783800
99902660
99999599
100030228
100085827
100112528
100131716
100269209
100279063
100384983
100431703
100472123
100503110
100515460
100548882
100561333
100590549
100612163
100651914
100654201
100692473
100705976
100831772
100832915
100886952
100943087
100987447
101015628
101016430
101305342
101356835
101477585
101555534
101648089
101659504
101676267
101679220
101796836
101798043
101799536
101799557
101799929
101800872
101802168
101819924
101856100
101936894
101993652
102026065
102076216
102110883
102140551
102151177
102154850
102167277
102214753
102222797
102256099
102263232
102268720
102292760
102310259
102360721
102368813
102382725
102442585
102446884
102547875
102561512
102595883
102636280
102710660
102729545
102802238
102864556
102866099
102888753
102892263
102906037
102915548
102945794
102949327
102990603
103031642
103191441
103203761
103230449
103251217
103253536
103261581
103278623
103292763
103302431
103327661
103329292
103366672
103375053
103376778
103386436
103387338
103388141
103390898
103400814
103422997
103462404
103462460
103462559
103498266
103498392
103498530
103498660
103498722
103498788
103498845
103498936
103499207
103499415
103499493
103499577
103499681
103499938
103499944
103500080
103500521
103500835
103501319
103501933
103502452
103506587
103509945
103509997
103510043
103510177
103510344
103510410
103510528
103510645
103510693
103510821
103510918
103510919
103510956
103511086
103511345
103511357
103511792
103512285
103513234
103513434
103514395
103521796
103522016
103560615
103599260
103615698
103638319
103678155
103703152
103703879
103766596
103798097
103809848
103812396
103824230
103830237
103830532
103837145
103855716
103893224
103903549
103939495
103954210
103974658
104051961
104073862
104074532
104103543
104116864
104134199
104134618
104159599
104171066
104187007
104265820
104312759
104343453
104344236
104344556
104344760
104346074
104346205
104346264
104348166
104348169
104369380
104388751
104393136
104404638
104434887
104442925
104456404
104474869
104493123
104493327
104494882
104496236
104497781
104501164
104503032
104503154
104504494
104542472
104582434
104626757
104627548
104628076
104629082
104629422
104632503
104646870
104648207
104648376
104649675
104657405
104658655
104683176
104760685
104786423
104791040
104794441
104822871
104826739
104841238
104849813
104954713
104996971
105072507
105082669
105082767
105082910
105083127
105083523
105083767
105084106
105084216
105084298
105084299
105084893
105086532
105105053
105105730
105106317
105106674
105106981
105107058
105107314
105107322
105107902
105107986
105108220
105108237
105109814
105109861
105116525
105116619
105116775
105117846
105241879
105243756
105274221
105293190
105359056
105406162
105406863
105408013
105409556
105410949
105411103
105411113
105411183
105411343
105411353
105411355
105411356
105411364
105411365
105411366
105411367
105411369
105411375
105411404
105411502
105411619
105411696
105411699
105411862
105411897
105413696
105413887
105414965
105416018
105416270
105416353
105416569
105422255
105422621
105437704
105439927
105488464
105737391
105758160
105758500
105901152
105919720
106026810
106074077
106125647
106231830
106231832
106244686
106312187
106370474
106385446
106385546
106387806
106408001
106408140
106410980
106425255
106472239
106542696
106553925
106580519
106674572
106690107
106690181
106699210
106847065
106848638
106849116
106852513
106889771
106899654
106932431
106992235
107042442
107087771
107098260
107192972
107315694
107355466
107368579
107445916
107450366
107452606
107491244
107497869
107527546
107542539
107573902
107586015
107617514
107684402
107691484
107702476
107713478
107733476
107766045
107772580
107862153
107862230
107872516
107872680
107872981
107881285
107906062
107910867
107916737
108183051
108183472
108270700
108379947
108451102
108609666
108688915
108692719
108705129
108726451
108747944
108791837
108852604
108993697
109003156
109020985
109024340
109024445
109025757
109027100
109074751
109096076
109129691
109207943
109212919
109365291
109436905
109437254
109549452
109614465
109615583
109616033
109646372
109666656
109670198
109687988
109708469
109708482
109780823
109792965
109795840
109841516
109845440
109907128
109977102
110028737
110045733
110046609
110253038
110288950
110291846
110299188
110300132
110434909
110525677
110564037
110575894
110703737
110747898
110783514
110817983
110821574
110906632
111041740
111075294
111077909
111288762
111298540
111461320
111474141
111513901
111598175
111599233
111611533
111694623
111695131
111725994
111771043
111803940
111829341
111857600
111910536
111941715
112031667
112118760
112256807
112262419
112266216
112268617
112302850
112310450
112338545
112368196
112461016
112531073
112563389
112635057
112647124
112742851
112758371
112774633
112779675
112924178
112928888
113029277
113063879
113112093
113133116
113178025
113181542
113251360
113298323
113348357
113360177
113446287
113456002
113464615
113478637
113481682
113526761
113528849
113529068
113542847
113559584
113657552
113695889
113735864
113809842
113828922
113969346
114033617
114040661
114113904
114158281
114216904
114236445
114238005
114272636
114274802
114349420
114453893
114611386
114623854
114631556
114709645
114735216
114739369
114750864
114840639
114882626
114890193
114897472
114912270
114922404
114923575
114953270
114984753
115001455
115002666
115005574
115126920
115199172
115199191
115199199
115217197
115217689
115220307
115232683
115260016
115308857
115395783
115401578
115437100
115626912
115627328
115735334
115755904
115767936
115786313
115794825
115800627
115820180
115838759
115893784
115897452
115979471
116026043
116047673
116053235
116140803
116164007
116240602
116297939
116379332
116383945
116422436
116466127
116485544
116498534
116679820
116698542
116704748
116730154
116770131
116810607
116905095
116917789
116918334
116954365
116954695
116963217
116993904
117018695
117020328
117035860
117059205
117185976
117210828
117280540
117282443
117352270
117382015
117422590
117425045
117433174
117566788
117571173
117639204
117653730
117693055
117708851
117710945
117827273
118003908
118145909
118215591
118286916
118358660
118365605
118472988
118505113
118577296
118659712
118705357
118781950
118787544
118789041
118794259
118874563
118888817
118958068
119017848
119031173
119032166
119032734
119033132
119033182
119033778
119034640
119034774
119034795
119034799
119034810
119034980
119044144
119044675
119045811
119046826
119046862
119047516
119047851
119053659
119053845
119054323
119054706
119054870
119054936
119055281
119055313
119055660
119055757
119056878
119057177
119057813
119059973
119060002
119060036
119112596
119132968
119133029
119133151
119133263
119133283
119133565
119133694
119133851
119138971
119139697
119140109
119140213
119140405
119141021
119141085
119141564
119142194
119142527
119144058
119192983
119193206
119197174
119224633
119224860
119232005
119234536
119234796
119235136
119238131
119238593
119241697
119242479
119244268
119244459
119244920
119300450
119313118
119326518
119346534
119346801
119348294
119418262
119418432
119419388
119435101
119435135
119435201
119435249
119435393
119436281
119436391
119437228
119437383
119437899
119437995
119438367
119438982
119439172
119452102
119452154
119454373
119455687
119455825
119456896
119457287
119457469
119463125
119487147
119512484
119544280
119551279
119559422
119559525
119559882
119560163
119561324
119561462
119564507
119564515
119564587
119565014
119567285
119605779
119631747
119655866
119656831
119668560
119687036
119743262
119952755
119952932
119984493
119988474
120075935
120105470
120127914
120191296
120203668
120323531
120360095
120392710
120426458
120426532
120487091
120524253
120535690
120600597
120613218
120727384
120729919
120730451
120755640
120759399
120822764
120829609
120836411
120934514
120937901
121023504
121036894
121102106
121103793
121108550
121165478
121176169
121181550
121196100
121210995
121223833
121223968
121223978
121223990
121224005
121224007
121224026
121224039
121224040
121224042
121224048
121224068
121224077
121224083
121224086
121224087
121224114
121224128
121224148
121224150
121224183
121224209
121235571
121237149
121237150
121237153
121237159
121237167
121237170
121237177
121237178
121237191
121237219
121237281
121242874
121243444
121243949
121243965
121243969
121243971
121243980
121244023
121244025
121244026
121244027
121244028
121244029
121244030
121244031
121244034
121244036
121244068
121365990
121372253
121372255
121392943
121427959
121443116
121493061
121512852
121523844
121533529
121545142
121564706
121576699
121603870
121668479
121675188
121679878
121837966
121838366
121846054
121896680
121913420
121952659
121971139
121974956
121999617
122009844
122059228
122104185
122120489
122277471
122317203
122319631
122365163
122433395
122528121
122632673
122650640
122667545
122696614
122702260
122708385
122742840
122748482
122750362
122754800
122755302
122755434
122774412
122805861
122838684
122861023
122909334
122910965
122943911
123011155
123039047
123049005
123070222
123104941
123112020
123114618
123166229
123210742
123210788
123211500
123211511
123212404
123212413
123218233
123218945
123219024
123221411
123221432
123226068
123249884
123317902
123385641
123396926
123399068
123399953
123402424
123405828
123429107
123505278
123574449
123575522
123584190
123592440
123600266
123601048
123601548
123640692
123688951
123725764
123745300
123893651
123900084
123971390
124074842
124084812
124374479
124434412
124463600
124498986
124573791
124590696
124590745
124595584
124595906
124597174
124597360
124704690
124827526
124847518
124861777
124892505
124936100
124936119
124936367
124936869
124936994
124940841
124952249
124954605
124957964
124982699
124983452
125096569
125096582
125114650
125120270
125130081
125218667
125259311
125291888
125309425
125323882
125328193
125511172
125511970
125515108
125525144
125536956
125546190
125556333
125571667
125581280
125622207
125758444
125837027
125851940
125856300
125873707
125898903
125922680
125969565
126058655
126066314
126131920
126162380
126191979
126271367
126306836
126323380
126433267
126444419
126492522
126495689
126532104
126535483
126553041
126620132
126653974
126665464
126665777
126669169
126723071
126745998
126887472
126910753
127084164
130830884
130838563
130864329
130888610
130982559
131011929
131059549
131112817
131153109
131154541
131196909
131245404
131255494
131278106
131397885
131414433
131417772
131477811
131528203
131537980
131596111
131613840
131614161
131614411
131614490
131616979
131619984
131806525
131856674
131893718
131914607
131914707
131972509
132060462
132232073
132256525
132285780
132301994
132317071
132320070
132450541
132622216
132643462
132644256
132751302
132764937
132788017
132825104
132849699
132887214
132909566
132956410
133051581
133067606
133067951
133068300
133069603
133072783
133087972
133098904
133116101
133116169
133116207
133116266
133116304
133116319
133116439
133116987
133117374
133117380
133117693
133118105
133118452
133120205
133120441
133120458
133121146
133122234
133123901
133123952
133142875
133156962
133175324
133177139
133181480
133195792
133265665
133289409
133292819
133299922
133348460
133421112
133501748
133514196
133533158
133538139
133544276
133564352
133571919
133575899
133650356
133718393
133718788
133791010
133868977
133942340
133975921
134163110
134359553
134360780
134411834
134416066
134418546
134433650
134487197
134498227
134560571
134738617
134744567
134949319
134957193
134973308
134993528
134995733
135023621
135029135
135098208
135125965
135136628
135286539
135488151
135549067
135549673
135549700
135558551
135592281
135616584
135789704
135825437
136078299
136094125
136179157
136188624
136270345
136350516
136429851
136444141
136449784
136451663
136770871
136981678
136982762
136983984
136986304
136986491
136987957
136988024
136988246
136988730
136992526
136992787
136993041
136993450
136993467
136995652
136997350
137093701
137162376
137276852
137320830
137321408
137322020
137322127
137322766
137324287
137326892
137327238
137452360
137614043
137624030
137881693
138005054
138008798
138010070
138013308
138031003
138055379
138080818
138118552
138133017
138279043
138360444
138418988
138483378
138580456
138619872
138630070
138814139
138888029
138889584
138942624
138942715
138943351
139140615
139142044
139142138
139142289
139207589
139210767
139236938
139249882
139285529
139373464
139380157
139414913
139415541
139422226
139548869
139800777
139843450
139862847
139876364
139878755
139879904
140002170
140027045
140040238
140064632
140140942
140222220
140259704
140264232
140267626
140296815
140311938
140325837
140429922
140461789
140474971
140492554
140631612
140637417
140643337
140643360
140702182
140731643
140786443
140797400
140826062
140849196
140891625
140913987
140983326
140984412
141046169
141046178
141046179
141046191
141046198
141046200
141046211
141046229
141046233
141046235
141046243
141046246
141046248
141046250
141046253
141046254
141046257
141046266
141046275
141046905
141048442
141065717
141065721
141065725
141065732
141065738
141065748
141065765
141065771
141065778
141065786
141065789
141065796
141065805
141065853
141065976
141069341
141080352
141080355
141080358
141080361
141080367
141080369
141080371
141080373
141080374
141080377
141080379
141080382
141080383
141080384
141080387
141080388
141080389
141080396
141080402
141080410
141080434
141129924
141134243
141172443
141185437
141201818
141261911
141270142
141319682
141355230
141364494
141364807
141365398
141365567
141366001
141396128
141475325
141498716
141597332
141601972
141657125
141657191
141657275
141661344
141661410
141663847
141726805
141728065
141728492
141729833
141731360
141742576
141746007
141746252
141746281
141746345
141746693
141842977
141843519
141843782
141844074
141844114
141844118
141844459
141844533
141846355
141848840
141850829
141852205
141854623
141854690
141873859
141884948
141896576
142055585
142068843
142248415
142249130
142249557
142251352
142251960
142254150
142267817
142291540
142357330
142358939
142359120
142359216
142360525
142361639
142364718
142364786
142366703
142433789
142465529
142537333
142584967
142603013
142769692
142788684
142790199
142809408
142835045
142837973
142839155
142841148
142976346
142986253
142993722
143023288
143088567
143145572
143197987
143228602
143228726
143238695
143248478
143254892
143262282
143383688
143418551
143492114
143505654
143514639
143543794
143580035
143581416
143584214
143661559
143662066
143754559
143754590
143755898
143757754
143767934
143790936
143791407
143802365
143805605
143844648
143844965
143845350
143845362
144029684
144056149
144058103
144060128
144061158
144061753
144062186
144062190
144062192
144062198
144062240
144062253
144062279
144062344
144062357
144062367
144062496
144062586
144062751
144065995
144067024
144067181
144067423
144107682
144109263
144121079
144122075
144204665
144205142
144207948
144287419
144292902
144295124
144296579
144324414
144325991
144333312
144346314
144463567
144478687
144501501
144503136
144503179
144503322
144503328
144504202
144506652
144518154
144520954
144571753
144626992
144667980
144705270
144707194
144709103
144709936
144747957
144824745
144829232
144838928
144848620
144902204
144919690
144955739
145040413
145047017
145047487
145048978
145050900
145058037
145087453
145092250
145116823
145147654
145235970
145236062
145236977
145237281
145237360
145238266
145238653
145261000
145262536
145265952
145281698
145284539
145286755
145287521
145288079
145288219
145288292
145289014
145289241
145289581
145289786
145290242
145290752
145290964
145294824
145301022
145301467
145301473
145301515
145301979
145302445
145305302
145309367
145322224
145355403
145357622
145365641
145498157
145503226
145506050
145507785
145514104
145514108
145514143
145514146
145515813
145516893
145517141
145519612
145521639
145529931
145533485
145679971
145704189
145723394
145723609
145756272
145779844
145781350
145781447
145877961
145880747
145881623
145881805
145882312
145882354
145882717
145889501
145912686
145915919
145925344
145926716
145927284
145928239
145929369
145936140
145937991
145939599
145941049
145950437
146013724
146022312
146049546
146086218
146107760
146124496
146131282
146147648
146196528
146295389
146298086
146313748
146374327
146374547
146390411
146392367
146394807
146395537
146406959
146408351
146412106
146412316
146412321
146412403
146412471
146412492
146430035
146443507
146445012
146445085
146446857
146448560
146449773
146450155
146455475
146487961
146492972
146547065
146606419
146620646
146623901
146630247
146662762
146664062
146664955
146734256
146734620
146783558
146872823
146922129
146934521
146943518
147007710
147050181
147189799
147211851
147215995
147230496
147235604
147245738
147262177
147274824
147285810
147408562
147490197
147509260
147520897
147524708
147558520
147586480
147586505
147588856
147589102
147589142
147590395
147591664
147593454
147604750
147612853
147635219
147736863
147741894
147747342
147791012
147914723
147950764
148030980
148046021
148046101
148226732
148288873
148293885
148387893
148426647
148492727
148573090
148606649
148614182
148638532
148639617
148639670
148674487
148708977
148718240
148772375
148988877
149063320
149064095
149083813
149096233
149138550
149205721
149208416
149210792
149220685
149299373
149301704
149305740
149320279
149325080
149541362
149559355
149582346
149699731
149739490
149740089
149740168
149751071
149841621
149866852
149924015
149939580
149991273
150156069
150160059
150161305
150167394
150181505
150191394
150215573
150234844
150238381
150252381
150252418
150252428
150252645
150254061
150255456
150259326
150263969
150302452
150382944
150395241
150598407
150602854
150637983
150672342
150674040
150675075
150678607
150680747
150681271
150681796
150682185
150682481
150723720
150724194
150743985
150768208
150811972
150844975
150881030
150885470
150994371
151010922
151206838
151235694
151236183
151260803
151265823
151271311
151272561
151495251
151534642
151552988
151655306
151859518
151897238
151978081
152016376
152159208
152169237
152183617
152184455
152187192
152193477
152195065
152234195
152263236
152309832
152336922
152342354
152431377
152434136
152519729
152541038
152560256
152578207
152650553
152676359
152681221
152681391
152806242
152814051
152897380
152915661
153005510
153146719
153156151
153169130
153194775
153208238
153231840
153266657
153320730
153323990
153350383
153638816
153699544
153717673
153741594
153755047
153914299
153934826
154039041
154075654
154076001
154077086
154080262
154080670
154081892
154165226
154244986
154274710
154277201
154284241
154286459
154332334
154335450
154341305
154400547
154430470
154548780
154572337
154617396
154708938
154711066
154711477
154800549
154927788
154936552
155033753
155036972
155060444
155068453
155088209
155092012
155102684
155276958
155367264
155440117
155475205
155482111
155501711
155642895
155664249
155699233
155710280
155755154
155787568
155800135
156087927
156094774
156294382
156337725
156514019
156675441
156806301
156838459
156901492
156920326
157038140
157049100
157076562
157288797
157292664
157345944
157416698
157462145
157464381
157466806
157479857
157618631
157693912
157781829
157793544
157808427
157909944
157914309
157938619
157947187
157961068
157962059
157966402
157977175
157997496
157999367
158001942
158002283
158026498
158073251
158184148
158222389
158257398
158260691
158290339
158290963
158293288
158293435
158293924
158293941
158293942
158293946
158293955
158293957
158293966
158293985
158306676
158331346
158341311
158347924
158439681
158456253
158505981
158508104
158508950
158509860
158512724
158513253
158706987
158745462
158783478
158961358
158966803
159052003
159158888
159198700
159226658
159231475
159235007
159266830
159312744
159355344
159474433
159501932
159579897
159582754
159590246
159678834
159758529
159845228
159886346
159962711
159968852
160149627
160174775
160184371
160185868
160395055
160400935
160423065
160442300
160719700
160883587
161106184
161128316
161160955
161166127
161262516
161363218
161365545
161378394
161379918
161380606
161459348
161508131
161575316
161590961
161611841
161616750
161617054
161618268
161624042
161625193
161628176
161628427
161629015
161629475
161631975
161643108
161677741
161677995
161884112
161930049
162009026
162102976
162104170
162139713
162149253
162206454
162244459
162246272
162275321
162444530
162451887
162511663
162546123
162657421
162673775
162677621
162677724
162702392
162719505
162737539
162746405
162747432
162749906
162921072
162952071
163218163
163495067
163506728
163700590
163759503
163760012
163760308
163760342
163760431
163800095
163850417
163868990
163911553
163913225
163915454
163915600
163915661
163915976
163916111
163916204
163916270
163916569
163917283
163917490
163918125
163925198
163925723
163925931
163926264
163926841
163927594
163927864
164142616
164222364
164292685
164293915
164294991
164295540
164295546
164296105
164296115
164298256
164299226
164422155
164430839
164456244
164491040
164513846
164557986
164575602
164603367
164603649
164603873
164605356
164619995
164620032
164703261
164819674
164886259
164974300
165003401
165020739
165076531
165154977
165246513
165249177
165257005
165259387
165260701
165428265
165489500
165542647
165577039
165632814
165632962
165635430
165698111
165736453
165865734
165867461
165871354
165897288
166074032
166101004
166190884
166238089
166298697
166302508
166302736
166305512
166306732
166323446
166377722
166396503
166400020
166432192
166438395
166537140
166724477
166724704
166756758
166808188
166835772
166842185
166846134
166849487
166849573
166849699
166853047
166856628
166861747
166891303
166961159
166987226
167009745
167050598
167083518
167098353
167114720
167181432
167223788
167252744
167272426
167328698
167376613
167380024
167505448
167539874
167540239
167540247
167583443
167604633
167840047
167986595
167987815
168051042
168057089
168119455
168160512
168183002
168189973
168217345
168273106
168351821
168471695
168490302
168522275
168606012
168627100
168708380
168752181
168767402
168831119
168842842
168846226
168878950
168987794
169016634
169124966
169259327
169267750
169304181
169308979
169453083
169521581
169543845
169679825
169712859
169787860
169875463
169883409
169896736
169955556
169965823
170159744
170247520
170368379
170415683
170471174
170550263
170550347
170550603
170550629
170830918
170960402
171027244
171033128
171103294
171169578
171213692
171269256
171284020
171296734
171384998
171394492
171485184
171498717
171569813
171649967
171857281
171971884
171976182
172082922
172086245
172087649
172103845
172161977
172186881
172204836
172204838
172204839
172204852
172204856
172204858
172204859
172204860
172204861
172204863
172204864
172204865
172204866
172204867
172204869
172204870
172204872
172204873
172204894
172207113
172220148
172220149
172220162
172220163
172220164
172220165
172220166
172220168
172220173
172220174
172220175
172220176
172220180
172220184
172258258
172395366
172413262
172426660
172429940
172431594
172455293
172541921
172550105
172551571
172590341
172618748
172624575
172642630
172678471
172695174
172751253
172754295
172813363
172953695
173004917
173019272
173039117
173086427
173087029
173133480
173255642
173278085
173288214
173318128
173368855
173433922
173648168
173740643
173746113
173763500
173765936
173769576
173773581
173774745
173774776
173774778
173774781
173774816
173775139
173775170
173775968
173804318
173856676
174076514
174133268
174315171
174523162
174574122
174682097
174836503
174862754
174984198
175019408
175026765
175078705
175136704
175154127
175157457
175158296
175162224
175168038
175168050
175168385
175168638
175168721
175169085
175169842
175170083
175173089
175247888
175255342
175314561
175328546
175329982
175384964
175396255
175409958
175419169
175419445
175562724
175563150
175587919
175627885
175629158
175686674
175871708
175977198
175980749
175998920
176016148
176038483
176052152
176101771
176115281
176162056
176188477
176218100
176264794
176267685
176287420
176336913
176355899
176356459
176371775
176456189
176540133
176555194
176566326
176570601
176570952
176571360
176572218
176606177
176606971
176608570
176610613
176682169
176787547
176796623
176797866
176801409
176839204
176851259
176970156
176999644
177023239
177033012
177059550
177063644
177073770
177086721
177088425
177113040
177115861
177211175
177213212
177230651
177276049
177276416
177395380
177415583
177420789
177481955
177516182
177527899
177580254
177585306
177590782
177594417
177601420
177603084
177603583
177619352
177660924
177670436
177794483
177797120
177815089
177823191
177824332
177826378
177826937
177826942
177827006
177827650
177828714
177829290
177864262
177908511
177915802
177942562
177982225
178047621
178107903
178110984
178111375
178164124
178294641
178367572
178387263
178490173
178541306
178551230
178582418
178606201
178615058
178635499
178693323
178702527
178730008
178737827
178740453
178766058
178866797
178868940
178958366
178959934
179082048
179119364
179120535
179157418
179248691
179272903
179530733
179531605
179586713
179597547
179599817
179620429
179645733
179646912
179647586
179670945
179698682
179786318
179826255
179835645
179872463
179915663
179945559
180045685
180104115
180115913
