This file contains all found projects...
140671169
145771162
150325617
100057859
112306488
120499214
122353590
122642335
124493979
124977861
145976698
179846806
116799133
142065012
99330522
112013997
117878830
133759929
155238543
162722212
163693828
169427663
36975804
58213548
59382350
64418028
66581764
69978992
93910371
99891337
109010603
111167616
111508291
115082565
116862739
118531156
118688089
122981141
123007724
125629114
125943991
126208736
130770542
134509078
136631619
136861854
136876801
138942323
148235152
148703893
151451595
158553025
93299523
98274978
133159542
174659502
156120907
179347526
98553794
135557165
138617474
157508129
179173172
123036283
175274860
179339768
143929213
102164655
80059026
81450678
81462512
81465154
81466428
85100080
85361618
85380330
87141863
98834190
99709683
100862108
103636056
104677559
104872648
105248155
106098855
107544490
109076775
111648619
114002625
117499856
118393152
118810691
122386262
122525896
122781663
125220728
125343405
126080617
126454679
130809588
135024468
135218814
137702836
138567040
139204573
140373265
140875535
141038660
141891274
142831652
143137333
143819774
144727319
146783414
146906727
147052603
147763158
147843513
148213153
148493473
149872685
150086678
150857402
151675538
153075031
153559677
155177480
155218614
155413778
157720436
159308781
159885191
161115988
161524598
165157414
173296801
173804033
177073242
178314996
179052619
179265021
179274044
180268430
180645857
43014334
82399262
84499822
84499840
84505026
87952423
96293020
98416724
101010405
103791706
106252175
116204980
117990450
122113259
123164143
123481482
123833055
124578203
126725427
126982876
138153359
142236680
148079182
151315236
155500717
155698476
156282955
158430053
159043038
159199315
159944037
176817517
177209439
179498545
179580492
181128965
64405670
66560352
69844396
70513974
74567096
76909062
83649528
85982556
85987576
88075300
89556556
89876454
91475277
93483666
96606995
98252795
98411505
99648265
99760125
100210943
101345069
102097970
102519189
102933683
103669651
104042155
104374318
104971773
108088137
109587929
110255407
110665210
111656621
111818246
114159783
115939385
116793627
117526008
120257386
124026171
128353069
128482149
128737945
129504063
129955662
131178156
131397420
132485474
133114935
134456169
135019966
135529822
136923964
137391872
139410946
140405674
140837734
141676570
142029310
142745496
142962763
142990039
143164849
143705325
144196736
144309156
145071897
145475347
146689180
147069075
147436976
147811820
148910042
149304233
150705292
151436020
152028323
153074072
153281911
153508282
153572430
157010574
157985168
158625708
159663271
160127690
161405884
161539977
161879240
164194601
165289570
165557894
165901721
168681485
169259601
173446793
173650909
175183053
175411691
88639347
88639454
137423217
143929110
156615297
89863981
93403736
93673600
94651659
129004455
93692857
94233291
94655489
116642405
130398424
147360919
150587819
105482929
93706340
94658453
130760814
93710552
94749774
97526037
93711825
94750419
93713030
94750673
93706906
94750998
130984272
131255114
32811344
94753008
131457793
137285301
149119304
93790967
94755210
98747792
139877876
186879300
33782894
81186122
93791708
94756060
93800700
94757741
98320134
98619096
98893618
99672028
147966154
155083497
160706159
53177632
129711078
138742291
87602477
123784510
123800113
123805656
123806404
123806486
86308257
100485646
130030421
139319314
139354901
180808218
105616224
126610150
126610979
126611317
126611578
126619696
126829633
126830580
126830651
126831355
139755101
129446638
187895930
57205382
104465210
136564866
106103390
77526626
84263586
95436127
100959394
105947151
126721429
126830826
128578710
130644367
131046219
136707827
144017167
144852141
152628618
152877903
154269092
156331008
156452922
157040111
161142018
161806329
163326383
170299239
172478762
178523189
181113685
76781808
79130526
81417912
81417942
85204682
85469534
89626321
90953266
93316239
94115942
98629543
99032692
99127955
100086546
100694929
102804158
103366166
103398022
105289818
107089781
107247212
107395861
107861168
110356115
111085372
117577239
121319821
122510153
123373597
125175058
126305702
127505607
134018874
136254999
136278983
141073925
141665896
143865665
144065238
144804365
145066770
145940711
147438471
150232676
153059111
153812869
154141121
156129306
156449681
158294605
158468432
159266829
160171370
160681545
161639304
164012283
164063858
164914949
167354292
170815433
171326523
172829489
173952235
175347779
177568923
178534610
178885475
180372265
82423240
82728310
84223000
87138929
89038210
90101247
91697127
94104391
99408558
100148952
108563058
112790531
114627135
118836029
122021402
126882870
134760405
135507476
136461519
141764540
142322721
144212003
144226000
144896092
149399810
150485767
153310099
153454689
155363494
160816429
162024928
162444908
179699338
180138388
182144034
77081682
80613704
82697430
91815061
96409138
98193968
100264392
105629735
113100778
128756369
133599956
136192333
138749754
140415392
150038094
151455898
157589705
162020705
171323226
176327612
178840568
180475334
32470824
34971458
34971460
39316836
44408484
46312324
46671734
49245216
51968398
55014944
57625230
58354282
61882982
62074924
62833696
68479852
73066330
75772744
79679114
80956850
86375166
86644039
88860811
91269615
94763278
94764274
94914727
95714036
98875954
99074780
99121380
99260773
101198940
103798361
104824787
106888163
106897999
109067387
110979542
112238625
112453822
115079120
117565412
118542754
123584894
128302058
134467089
134695584
139243410
139797447
139967957
140898787
150721278
151808436
153490547
157962890
158253722
159964854
161250407
161576539
162083311
162966454
163338056
165978613
166387663
172177790
172671280
174671477
180402544
180923214
95096167
95347937
95349349
95405822
101209922
128745909
131212365
132071744
132280556
133550670
137980567
139207302
139466792
149693742
158136382
166395834
109875558
117637094
160335175
162670386
90264231
110498398
132234219
134561656
138612546
144255921
155730266
167055242
47041048
51437386
54479680
58391112
86294820
87961496
101533403
105226364
106273791
108878222
110791929
112019753
126006219
126646001
130778548
133456919
136558167
139205582
139612096
159660469
179350463
184059608
184059705
184060121
185024954
185118966
185378427
185402492
185403005
186044431
186305639
186333621
186595664
186706267
187172265
187208803
187332596
187620973
187928822
187995154
187996526
188230485
188239392
188246877
188396755
188556383
188573068
188575318
189229663
189289571
189301934
189477025
189647957
189664089
190498339
190527764
190675273
190760649
103629382
106356271
106752170
107010412
119045653
125046350
127154850
127521060
127529459
154967123
154970773
154973496
155146889
156420559
156605752
158656424
159123296
166117740
168939230
171013756
172554280
184431752
184719846
186109023
188221809
189251754
189254123
137723146
146880041
167029123
173107280
186173451
28367332
29192458
33060864
34700174
43168122
43637238
44615596
56364752
60747368
70441958
71954182
76348362
79483370
82073758
82073928
82713736
84154848
84988616
85227192
86416552
88603201
91843536
92984285
93433886
96411716
96739782
97185597
97712999
97758412
98335735
98364414
98782074
99904030
99939953
103525040
103790032
105271855
107476676
119054409
121394351
126119649
126203513
133114951
133293939
133341102
134543846
134706920
135592543
136438517
136483752
136775192
137268687
139522490
140945004
144498926
147003749
147523221
147732441
147819282
148266108
148627767
149580854
151477957
153085879
153351883
154688372
155576819
156117707
161821448
173792831
176017307
180444183
180536558
107083999
135073926
103243288
127494656
144737835
129513454
167426697
21391582
28773138
30923548
32773092
34274068
34779680
37856448
43145278
45358572
45484366
45552206
48674976
49186436
49616314
49626222
50695880
52340182
53311516
54147462
58412164
60292028
61664978
68033682
68812364
70535816
70541952
70636656
71279802
73164142
74041308
76048636
77377352
79511930
81118794
82602958
82709624
83102116
83740408
87142618
87150674
87270937
87407016
87707790
91021271
93682757
94187753
95012561
95322937
96191756
97616387
98398106
100818427
101003651
102994437
104981882
105443429
105600879
107253312
109055715
112150826
114013387
120374607
122692232
123543136
127883091
128490702
128574350
135482461
138754269
139171243
139440708
140463864
141049910
143429188
143996373
144311561
149087031
149326018
149576397
150168634
153014157
153550222
156515649
156654155
157255553
157768373
157998050
158303056
158731241
160194934
163973407
180794113
23999575
23999576
34188440
85769160
86753848
95954465
139694112
141868986
143280256
155519456
159028531
75127450
98310791
143759361
156255680
159979468
181107180
79222682
82899182
164730569
172552646
80727026
119888692
142631960
142805064
175618968
140709842
119324392
119793793
120679660
173450147
189356441
67172008
121256471
86506675
102954454
108012955
142880693
147332471
175649741
181102405
181117540
159791983
102207770
102209464
102215314
145897804
148565233
148567252
92369880
103346872
107340967
107884160
129579312
147425871
148514457
149965658
153291570
153881047
154321663
154777317
157082250
177118998
179819589
183746243
184030468
93707389
97719678
100973209
103348229
110474776
110499173
122865824
158493440
162110966
181118561
186577954
93949737
103349323
141767559
182239901
102222677
103352667
102238627
103354247
102240040
103356226
119666501
151183925
152507135
102244955
103357511
124069819
102491291
103358345
110950381
127684632
140611977
102492742
103358744
131140661
102494364
103359112
157698671
102493581
103359549
99468983
128765195
102497453
103360443
109432365
122162933
155014459
166055721
180999408
102501767
131259167
103996779
133208634
143158810
148884669
150048734
151417116
159679209
165668210
175573630
177180007
177185363
177186489
177909390
182868088
183747783
103997709
104359212
109339431
119780544
125356170
134477165
138458278
143219699
150318883
152047735
154101311
157484954
160336571
161275229
161456199
161498542
165670020
166548668
172482706
173296343
183749364
32023462
53982782
55418252
99159371
104000287
105948434
144263709
146131291
147612349
149265478
162605955
174081444
177466397
104001427
150293850
80610602
121978750
141805542
165645536
181382332
99940319
110063535
118405003
119048020
135377025
173304560
178474136
104008191
110445609
120217340
127637742
131200644
147344401
150668181
166597306
179098596
104009592
150439700
102948618
104026681
107467107
165971236
104028879
113270506
97145140
104032785
118909318
38692528
48581950
84009958
88375945
89990779
96381611
97352976
97655011
97928260
103367132
103838426
111179250
119219588
129986424
129990902
139927791
143803128
149593047
150609919
152188296
155212793
159882282
185411231
101425248
104038254
123868157
126580846
128336982
147641186
147875457
157905846
157905928
157917765
160325261
170670220
184313027
184791296
Complete!
